1341537060258840701
1267804806727077952
1126889188541861949
973601945606570004
855807844242685994
815922306982608916
836253813409185812
1351559922118295605
1208354403107606572
1422815483882639360
1335213723517714453
1071378349743673344
720426761157869638
1322395174730465331
1467059458218791016
935739795366350899
923106926240333864
1337422520151834716
699785486058913813
1201158730964811863
1204651542133870643
990098512773529600
1226896117518565507
1465713178515214442
1391407930670059620
1067322514256179231
592385271429988413
846769992690303026
997835383511453697
1375473945058345011
993429168266158091
1380188111962771507
1443595826780967103
1274193373611425853
1438039717513007239
1459692518231769176
1274775347296206953
1376439519716311083
810768244628783124
784973346152513536
1332630654894084106
1421085440974389388
1464485352919142547
1058989305147686953
1269954014070702192
984046653147320391
1150309770817970236
1173632997254250556
896732072641691688
1452224117171294286
1179630193233633392
1455250228469829901
1431281847047819374
402300062912217088
1184754094846509126
684566773088911454
1381124230611075072
1135234812957966456
1464616263392432159
1468098440926990389
1207958182387908640
674299231431032882
907109530570227782
1441446478898790456
1468314417409167370
1360631348141883404
1424396822738243746
1458073961878261924
878281431326023720
906720364434952313
1097515056360595557
1331205424078127117
554962598823591967
1386153582402867220
1355572570833027405
624975891864223775
946058878955708447
1120980190068215880
1015926757565669386
1452289045173506088
1385316282232078359
1328010529989591142
1449616163406614630
1009644371563511828
1469236155760382032
1174639762393530439
1394971646317559901
995848968170897408
1384139792005988403
1453646562956939369
791152445090693160
832248895383797790
1386945316644851728
1421419236772941824
915441349304647690
1445806579554193684
1234858392871239771
1261606544600989730
1413451199704993864
1456917419804327971
1462415781680644181
1442154182546034778
1218549128091402373
1308459992881299549
1412471265016414391
1120218759077052476
1063030964009312276
1445635405457391749
1460508731946045583
1023156658093965322
1456662340303978539
1217462062100512910
1084400813671202826
1457519582448451636
837182801307631618
1364783213268041869
1043460474550882335
909607294902345748
1214171217158733906
1186274719113150566
1143856767185457302
412613472895893524
939105427285762082
1286302779576680561
1453702289431986187
1277867641461149718
1276877393222701138
1371088636593832066
1374016081290723338
939385718084608021
1280942319872381050
1455554924363513908
1277095946945298541
1433639515674775603
916242451637891103
1157172326891262012
1285969288766820415
1330781284393554003
1112700628184076310
1198139816202743809
785075493690408961
951065125857685518
1322897756783906872
923533121285136404
1223170149113135146
1469944945354870805
1088706433786335313
1389450194793267230
1429116091996831909
1369892543713640539
1156537517873573888
1459547948886134980
899759564461834301
1467180658328600720
1207676236625874956
480382302468440075
765087305542270977
546325481683681282
1343096396936646656
1448678193534992477
1394915175919915081
1006067842648641576
1109225990791630909
1253346933720744031
1317522431333629954
986123119091658813
936062549944836096
1459742593511329854
994826983164891180
1409172203144089794
1347590770823266428
902853746151817216
1212746837346361354
1376397043794444439
1454675661619724479
1428662852566122537
1217688846863700040
1323493785090527272
1371804092648919050
1126531490793148427
606832199932706827
1461337119162368084
1465657140034404488
1463575833166741673
901794486278053928
1194150149245649019
1455418849397837892
1416418629347573780
1270213043493802098
1165221429227307088
1465375800936239374
1349276468353568801
1348614132219252768
779569581164724264
1116231754282438696
1106038567240749147
1455443808685789186
1395794737042034689
1395019356307718144
1401176048338731139
1413507406058618961
1453791811712843842
988422772122341417
1416957403781402643
1376110970690212021
1453428024035774518
1056392159948963862
1384475921733521410
1326742492430729217
1387801303559704637
1031812258432565249
1451621280666222856
1042064037262934016
1108407933567508522
1462479529145532609
1303587255528591442
744009979513667638
994864735583469578
725167157649997896
925391837856940083
636414421303820299
955658573210333235
902094693725253672
974657307126423614
1067947536775647302
1318414992797732885
1334770078247424011
1326913557090144300
1282493425421127881
1468947270253936765
1140522101602799697
1285101228795101235
750554739523190814
1439124840513540107
1349041480991510588
1450474528034656338
1374676100055171082
934623573782429758
1029227840622837781
1253655552773328961
1309016116894367815
1421483429232377947
1453984441901781083
744951466527293492
1126507418814271609
907155028786159646
1190299444097339504
1325715716204138548
1419349236432109658
1330838112787632193
1361208275768447057
1346103950398591060
911997468693123134
1462346858503606376
1468270451703943218
1453721494512336969
1101421940746494042
1466777702198546575
1451802220788977775
1425498537541632082
367321378082258964
1448951744615682070
1393110930115530783
857207251642482718
1404450918703038585
1192404614243434496
1391300449063276584
1049697166312099921
1258339410177560576
1416376688031305780
1313538716945616982
1441598276817391796
1378724216341528587
1225787641509711883
1242112016806707362
1458109935215972404
1170902923358777436
1314361656511430738
1123108330836066344
1266653054758031432
1455442512511635624
1454038722306900093
1451137482161651820
1185581677993541775
1149702795981766816
1462344740057124928
1040518964628946945
1023068994657337415
1105474156235071548
1370965936458432543
1009003781754736681
1343019477800976455
722415101163995169
1141933183546433597
1302513893192503316
1133233939352404121
1192285052533477458
1131801866313932840
1314406619744043070
1390256593475735572
1097892604366045347
1463152925797912703
1415674526590701599
897690791282114581
899645593301966968
1403079926323875920
1299600179409719376
973553263662227487
1346759750615957537
1459742475857170527
993480401282662461
1085594731930718218
1202966954999287874
840861716937834516
998497322117910639
1371636634440699927
1451924422150717583
516579972794548225
1355171357024976896
1465724288144249124
1166195178479034368
1408766835842744432
1333000377313918989
1391331467824595014
1430832253994401872
924849592154079252
1426190013892263970
975030529239961680
1170569085143236618
910438636070256680
1453673856081334353
1041245021518704650
1042792674148761631
1389133150084530290
1191706377740103764
1315193255440154717
1262359437931188306
1013318026659115038
600282210586722318
1311669086177988610
905293571802931211
1177565860894887986
1449661499789545573
1323741305964331029
1283571145878016030
1387021267579699304
1064465771926929409
1237000534930493493
1018949331962843227
1350825841671536754
908149682541305888
1455526650715443256
1072763680892129330
719774252835930135
809038991230894210
1334850056192397399
1084070273726291998
864330816954695716
902026228532400158
1184311594797240451
817704565595308035
978872518947532871
379143254974791680
1449050905520636088
1312049254147166289
1133686559892328460
1471178659485323550
1166776753482633389
1406820883355402340
1094842938032394282
1454409227824005287
916917874898141206
707961668843339866
1317422876348907522
858578256827908116
934271372467769354
1048525848027877467
1384943155287166976
895154067867856917
526710867404783617
1153360271465795746
1179208911400734721
1367888419446849767
1395999604461404200
830722868455014421
926019939578560512
1238807937380515841
1441014875051524117
1445744890116833342
1257534091428102185
1191583282991742987
1126450314741030912
1185449820123566161
1106126566129410088
924105976573988974
1268181429930426458
1272786005832761436
1394268600671535231
1170561210836598864
1163394330443128853
982543430527877211
677374336914554890
863974556217376768
1092105144251981844
1417077948208648354
1349385137007235102
1330500320375078926
1130704369688522903
1315684958072995900
1317683502522695730
1341708482847707188
1375875711952486461
1229574242098614324
949609380972724224
877083703099150356
901395847034589275
1012290535018483742
910850398997348383
1434238622713778236
1314618086225088534
932272607397556275
1408429744164442264
1085830341748588544
1444302572637651045
727447868050374676
1195574249302278229
665877353196683265
1005705024996913273
1459067704290967618
1072020140905996298
1206432687150207049
903508171086262293
794098153968238612
1315160734677602314
335267002174144532
1381269463013523526
865572521453682698
1376415147194712105
1462213404235141150
1443463924329611396
1453699318975434828
688278291148570653
864146416279486504
854265199983722496
1128013584367112252
1375418146923614250
803576172348702721
994120230978723882
704250771419693117
1433084086980710541
1407563417300242513
1366283939194470401
1430952703886098533
1449361901958987958
1401143424526323792
1327132841883996243
1409865864207011851
1312761332818514030
1251891440309768238
1453764274274177148
1267824401773105164
1344295546424135714
1095737343073337495
1460647858108629198
1409340160763625593
1314547727669137430
969835817436586024
696559160694931487
1354685680806268989
1453704141611208808
749431247511617626
985840743203635231
1255081998356058146
1472416126225879305
1443281541198385345
1422485781036924960
1382652874600873994
1405862319623241830
913663742888263691
1032981245065441280
1458076408415780909
1211322738975707146
792022366406443019
1227953367918182443
1252522727470923808
1123591282305007766
1464553077896909033
1376497793820000367
1268439186768265297
829362504647966760
655184772053598238
830042869724217396
1467855426438693113
1452900718792016008
1402982473163341894
956760485041143818
1362112104324268096
889328383396290591
787519043896082432
866289328132063272
1416083502637518918
1246044808037007433
1191566614420787353
1289753373285027865
1284741642951069757
1429768140824383488
1238717386430087236
1303188344213340241
673405393614929921
1031425177763975219
1242817756529954954
1449947691777003685
1451991372759306363
1336638127581954058
1398603623608352949
1376912197527015535
1388436809406615593
1179031589875879999
1230913236812038145
1405826351520419884
1184767240097247302
1454379805796470888
1292098620409249844
607373006561345548
1094757723926704158
1445639829005144164
926106835482734593
1471796668272869481
1464560074843492548
1141724649168834645
1460260356390649902
1324752071349506091
1330540870684115069
1450423927686955221
1330357129147711529
1466456486493552804
747716360573812806
1322859681567211532
1449104368329687193
1466793179369177129
1104365448969076806
909419127368732673
631865083529789450
1461645963033837631
1441815288285888632
1088721956406317146
820146382136147998
1346100733795368981
1062379310180216844
1462075603628069066
1457232784199520370
934640340743381002
1066922586405093386
1043721944677220353
1031037788579176528
865916859718828083
1171110810756599859
1378003659945934919
1363135615461494834
1211646409128943637
1469285811618058311
1417472707221524573
1452914707466948720
1451845030665785415
756162778456391702
1141761210044391424
1457387106409119777
1177155287023628320
925648803107852299
900297492330065940
1429271108309483694
857993680002482196
1321866282508746854
1353362675912015893
1155072680366719097
961625959885316157
1174922257320124446
965499163901046804
1327998257171005440
1102210945301880922
850001573349949491
1223815794928910436
1177935489307783179
1469730417484497099
1406230458835931338
1341045263015350353
852486691012870154
1195016422737322124
1147539638978883697
1362788101289935090
431863322841710592
941641874878382130
387968944465641483
600165052347318292
1281145549604655125
1455697191275593841
1456650030495826145
1024690715382534144
1315677117593157729
1185847967203217541
1372192679789854780
893450004482654238
1292403663951892611
1364864791985913906
705985213125230703
1098932631720173629
991397979552497794
1335570621316202589
1138323613783691264
674202365846487050
1386928832266764429
1395794826917707836
1100050897410719846
741646710568386621
1355547901580935263
1426579862096711680
1271037694637637746
1320057718316335209
1463276698656051343
1231408497699192963
1450447004420280393
632829563587526676
1427144901963022426
1222193452129714330
1163718342654312519
478821394180734987
1143250428369305651
1134469779055464468
1449267231241408582
1035811703633498233
1348078055792312452
1051150037792600065
1020583136825970739
1341732536035840103
920916175448330260
951622624021213204
821753683355369482
869185441012777031
1118092218364858512
891481233845010444
955681682642591764
1337409028455796807
895903149355835443
954735658348466257
1332664229408407637
1150003005308018728
1326914322890358856
1095912113614102560
1389035201014923388
1035910513563025499
1459742020645027911
1175043007427391549
1256081599989153853
1442171702074278019
962338923445641227
873930484797829151
1022467654642057250
1362459988995346564
1427986390389493782
1008372045538656346
1257602486173306903
1315553875155222578
1452534183456018562
1448904204922912772
1162618068669845545
1168836279128043564
1123243417221202030
1190273181748035755
985125135541469215
1304716261921652817
818023061932212224
1376748414817013771
1319269027742351392
1456846507851514021
1439839311229878363
969764705285570580
1394335059212763157
916956758465990677
1460687965499031625
982819350648082483
1350753279520411668
888265091538100224
926315555626057799
1451101207690088490
1103268478791720982
1402915689752428586
923130217487282188
1048792836469956728
1392801749999292537
1172126150412222599
1370291052732485736
1129700911216873492
1297585425703112726
1452157648614195210
630732151280631848
1265551115760439340
1414608748680581240
1205706487301677077
1324770796459135076
975385577593638993
944960079512367155
1237276197726195780
915500076720340994
1081377835287052299
1470786381323436033
1457985600417173545
711159615357845545
1459858299980611712
916218230945746944
1141335301575430144
1469516357442998465
1332506765803257866
1306591871493083238
1008588072008568974
1220961291133390889
1076324855718350868
1419194230269804554
980999261888073738
1172959019657351363
1205178432493719623
1457593027924066424
604344376419811331
1300045397687013449
1448291673162645636
1017970750055002172
1195565074421645312
1297139269684690954
1411888577842909187
1426262463581650944
1390568287850729532
465159108476272650
1176866430940090389
988452594496192572
873857658707402752
1458300098126676086
1421101950581211196
1251855052377686088
1376608217466929206
1365957184512593970
1317769784502259764
1450505844645957748
1118095320136564797
1111581193725550603
926689585394769950
1385492850426515456
1324414978307919895
1413674984915599422
866949873379311616
1006232542455791647
933320490766987274
1469315506484940875
1391917840990212257
1456307437190512712
1419657489988980862
1154097990013816902
970033293946920971
1151834662872829993
805339424123650059
708335861787394126
1459911282361766045
1203679136778948648
1280355449819893837
1468486539091771436
1346105973114409064
1021070732312195123
607187009911390220
1061550571733123133
1346389697198424134
1459770821194289331
1460524236132188257
1199382135165960262
939427132210282496
1115845675461124188
1025002940932575253
1463023840408895573
1442389678593413122
1331592156703363078
1227817341694251039
708877225965125733
915913645660188702
988838109506596884
1353007352671895623
1470653566875340924
1197918238273720360
1148080528113807401
1339904677462151221
1246005359475429398
856168387176431616
1150326059649204324
890575175643430984
866666227770720296
1057124047361671218
1262801348651651226
1455146589474787427
1283049356202610733
1446155146169024605
1405453099576983583
1091293600349954068
1468462581092974654
844804262911016961
1093474536097320960
1228353346843312148
1088379449868812288
1469514915617308715
1095641336083927050
667610644249444364
1310817775068905554
990086705128308736
1168438286872739894
1426750330514837564
1250337855537020984
1450341637858263073
827058261294317568
1143995091334217808
1065622475343413348
1122018107939094538
1278314895535771740
526014362574389253
1334337897943404604
1445067659430334464
1226192719513124915
1468027240427290725
1362397414019043378
1323844440640585728
1141326789956874241
1456169085439185033
472767619842441217
1170247850907680821
1326719490897088512
1462215543225450526
1009113546895929344
1405767748730097765
1399286321276784650
1244568560420917363
1283779984523264145
1046318350822817804
1106404008698060910
1454504630682648833
805115561679781949
1322152116055310358
1160965142620676269
1375866777149636839
949283534953128007
720275683670097972
815155349145387040
678051884300369923
1138964871497650266
886481334816612362
1175687242308649004
1412434373894209597
1310959078423658507
1035186791587790878
1306972945586851863
1313923445372752019
1350486390068088896
883291244313321493
1269108412042575974
1421728485835149362
1459907589017043144
697706611611009066
1454693886600679581
1402258167479668858
1422429662906159157
1175669396031676496
1277577995464343679
1324742917784342559
1427671744155750431
1385947291390574762
955751751292690432
1391769766821105736
1055690724835872828
1445071407699726431
1355673880441786408
1268852993336410144
840868747836653578
1146704877452533831
1242359296658899056
1461745986446819551
1451170784172183572
926114631712399370
317490185665380353
1020884371248533515
1051850186898559046
1367156302605848707
988821013238259714
970174513302106152
1472920440627400715
866940046568587274
1341629333537816628
1418591306598318090
895177363061612544
1392417019965735016
1271011148787093526
1174506797869047909
1408410871201529936
924468800429121566
1383092113431855187
893495166348984362
1463554713893998678
1281453793937985616
1020834646809915454
1460576485395136595
1459930528013750343
1418143715461042296
1464490180596465708
1280375385577488479
928770464585764864
989101214451007489
1407777374204068031
1410510530799603813
1254718739258146839
696927162267205693
414411186134712330
1452547651575877632
975212016325251103
1424213365194100776
1125019423049273426
972767270235414578
1254814591087804538
939175479603253279
1064814677072289843
953245881765863454
1264901821651226630
1182861046537527316
889048894598680639
1361662988112756947
1444998386116984924
1443091102851792909
1434420045752041598
807906497509326880
1125079675098628276
729981157395005450
932062246903906314
1312713545699299342
697726607040839701
870159237869891654
1460806182749995018
973904771369033738
1409840473438162965
796724380000190485
1366590867388760204
1337737294488014919
1453330681118724108
1437321479988711534
1222202267784974376
1317136845708197958
876139077555077180
1440964360846577755
1457716999353401475
1463575857862938843
966285458642440225
857499186231377941
1042801424473534575
1461920286621569240
1425855772113240184
993861810476290148
1077184651354968085
1167421222875832341
1301509400082513964
1459586266566758505
862169280865763338
1352951999276257340
791530461704749066
1006539918979375176
1329479792239710230
1471282450561765447
836547617575272508
1164184715327184956
1454208596744081545
1305040706854715397
1106101619348754442
1013111152517066773
1450112061441835138
1459171993269174427
1183778067173359730
1379410030218051677
1090242848672198696
1455037252554985586
1458734318183649291
595940915340771329
1376357786388135957
1312358209800896529
897832408664133692
1333988792582930492
1461733337898025055
1272923724701765725
1391308045140885565
1094628489900081253
967348246915711007
1452145589205733407
1401774288155181217
716206562493857799
917976148770713681
932899175237038090
1462291938177716418
1167341690433060934
1438198430861230113
1198460797823758426
1096332412897734708
1151513924269772810
902605346479165491
1317382627606532110
671599544361943080
1430749883874152509
1236217658710429770
1227620330886140037
1035536815286911068
1452314207604314182
1329784657738469430
1402159661418811403
1451448593884905485
696692413829480459
1456131218662752515
1462708729500668031
1419589337586077818
1077025857111076995
1125625794157346877
1464158117158846590
909489181200359495
1387000759266316328
1127479313474793565
1450867295793451081
874223174743625728
1448279129957990608
1043359817068187653
1401811561340866580
1141615720799666266
1393464545137262592
1454723840562298992
1166668504695586868
703611441717968918
985129933288390656
1069127946691948594
1148570439216541786
1162597904666603570
903424399879852044
1326152997503504426
1448649200467316745
900743250158182400
1383091354220888084
1109722495201837146
826420139628822579
1393050867975848068
1282902323051626529
1102122883901300767
1232272803089088614
1182592681289986078
1265679813381984327
1268065436562624565
1122445130926936115
1227974421629898825
1434381197240303636
1466308736061538377
1445686765234163794
1066673543863079012
1373885007940030464
1202620649554837530
1260495836173959218
1291972958130147390
1312439254252785756
956889250182344724
985445806607855626
842963948550357013
1026750237030756382
1385487227555156000
1306950992218034198
1182313225480568893
1283080563409813556
1330798898880450612
1390869011025100904
1457682817554190459
1454081569206571125
770426761007202325
1399367839315394571
1380199620365254766
1381296658675011614
1431573251775004806
1404437313488158731
1435083073292341329
1415938600930906115
1059862364591239279
1132197481686499359
1264096585424310274
1468862844907950184
1182871632872747019
867312569143918592
1470451329984889049
1162907341235163247
738342478805204992
1459925504349175849
806433416731820063
1241335630911242284
1167801759394181204
1086520682902458409
1122419891677446196
1456571320354471957
1294844359824642083
1094566211565662209
1421749187355213844
1293123461127864363
1057495113846226954
700375139732291685
1032659182610030602
1271293789696294922
1439953725023064115
1452295121486745603
589782208798130187
931176918114525224
1085366689220272250
839505912959598622
1222903093201604778
1429791671222145135
1394631574628077568
1459596985374871583
1270296086644523050
981462141276139520
556450085219729409
1183345203508162613
1416299954787586081
1172459195564572747
1329039219007557673
1405399425748041858
1450024369068969984
1362784393826930878
712983894340927499
1440345424622780589
1133971972221583391
1041150893824954458
968432368954269727
1044218829569540136
1447437937494196297
1249224020600160297
1194588686726209591
1441739926042447922
1454346189397819524
1288130316237803551
1258268637467381770
881869050328784957
1293830517434880073
1442045579613044746
1459836733989453937
1377831094363095111
1404664746736619621
1273951292582137870
808601090530344970
1392835127259955241
1205392341188354078
1393402308481781821
1268477622187458601
1424733890802618389
985206225048318012
1146716564717043722
1408819556012789890
1348159449591709716
1344271646957109250
1254719224568348726
1426843468642123897
1139226019560173648
1467089152162926770
847435497420226571
1463507843163361290
1433741395579113556
959045573753843762
874556916997718057
528237959841841152
788684372978565122
1152566920722255882
1042057880062398464
1135424850794651678
1365246760208957531
1195377863961096232
1286241849388040248
1091919640223035402
1313510385319673879
1421852494165708943
1379462157875544066
1101110781468229693
1280522534785257597
1412004934517522473
1331989037044596837
1436693147118866595
1287299768753586208
1384024786266493022
1262788578967163007
1123630822835101797
1270189896153436191
1112198655693299792
1171703141360742471
1337693065691004948
1467368613823643649
1414156574749888564
1404104909124538409
1465578557974511760
1349620859337441385
1442224490393374892
1453042283346923665
1304013371795963907
1179016010532143164
1028189617947688980
1091185441186791464
1349029190971818066
1067479942268461076
1198114248233066497
1314007230147723264
1074653802503876688
1257126792914010173
690737927415922748
1303958854891081770
1461630754139406359
1368027381985443914
1282169228040077446
1246447018096988161
1314794389217869895
1420758384533049364
1458306769645338731
709381062471450714
1150794527616016457
1183012824444841984
1156201693676048404
1020609342778654720
1462333752330948652
1326933240002646070
1027425002087260201
1407365358939017310
1293215524318351391
1031467783365607516
1212000210428104705
1350143754157424803
1111669167511306367
822849558022324305
1467848947753029725
998560944550584351
1461249398347665601
1458066809868652748
1144111611141947422
1400661370004967560
1366067823511867486
1466425146318524467
1400851524535455756
1358368159777685545
1348225264378974290
1085073412843655248
1429866202099879996
1048890535420641372
1182859865283100712
1319640024605786156
1140964925024506057
931803838581723166
1117805392492245074
1362063424296583280
1460564554550608046
840881010160697344
1407327713429032960
1408652610159902831
1450144843929227406
1166367002613518417
977813006878642186
1138020508047265842
783536419821191188
1461685165381259359
1349423761673158686
1216388407337680936
1238630775939797084
1364781452037849178
874266101918359672
1381515053756579851
1283351206009241705
1234678853163679876
1134720912135041084
1177745932381601836
605029210192478241
1416785153308754062
1260633552421257218
679599429182947331
1179374119742091314
1201269678220263564
1046426639283789825
920187983544610856
1455924539283472569
1214912776808701983
905453646509121567
408414777510068235
1452224209601298584
1448658400065097748
1453268888002363416
589033572384374822
1449394807037497435
1001464051878080562
1436020784530460796
1301727940039540768
1452180868247584909
994471430051864586
1322124452435329044
1406965629000613939
717661875747160145
900262014776115260
1453124024463917106
932685662283513937
1102779094267084900
747635174950568047
1283602875670462567
427251435303075841
1386630058608689295
933629450589966357
1160569820014727299
1362409286625394708
974144637742751774
1453016402389893305
1128617498263158804
1345401358538248273
1247870486113685535
1358124827570864168
1205137757400211609
1431146371804823615
774606363371765770
1422520778385002530
1372821132738297938
1279723035464830998
1323273465561874432
1336621364827652106
1097963410190246093
1378438926213058651
345538043521794049
1446146551054602394
1370607737788039198
1198495845369270283
1325771303021576263
763422287407349781
1060581810393858178
1409392235409051769
905823414642704414
716114270974377994
889766195044184104
642743405520093197
857657847726866432
671621513996271616
976123924607807548
966710479315689494
901854295614423051
1230595328852492438
1333391045165187113
1322492233353789532
1240984417116225546
1076786374591647754
1204410601837961336
1167622574444920873
936142476996120576
631082519755751424
895148376071475270
1200054650624299032
1368962353948790814
844467965218127882
1065516649123434646
1262090646030778401
1373949909228589076
1032286114368725083
740405252099932203
894460903817355295
1070518438004535346
896928782777188355
1373288592054554664
1301203627255398442
1190646051946909797
1382367859266552012
1168186050921902151
1121948600675614740
880802868251226113
1441009194051571735
1456185365705654315
816183268331487262
961251175083167794
902219224133558304
1254450938907987999
1449768514196869182
874953458237718598
1405724412082257960
836551141620842516
1311809296991911966
1055360229589667861
1367854562584825909
1369651165616275597
1099869164971229304
593655093341978644
1384215605741224077
1390239060349423647
1315686792900644894
890072461738123325
1147860202113204344
1006886439981678624
1240163201547763715
1451738982948802710
1105449209336959016
1101024482409320468
945515835110338631
1328352555830480939
1336648287754911794
1036206807334526976
1350046321284878387
1221299726519894130
1355565926480875601
1095290968342806538
694864433264197693
1447221234700910612
727108771003891752
1393086922972205129
1472585856777846960
817424563654492191
1461962106307084349
1455508108162891811
1197375906746990625
1248653517904678964
420248532511883264
1418996321456492636
1373520075411296347
1002889550592495646
1256659546546376747
929271524232421386
1437812294770888746
1023733425355632720
878555618129084418
537944802835038218
1288816880437690443
1237772240385212479
1430195318955442186
1370341504995954690
1194615728653992067
1299913462079819817
967003205319921714
1092040188194193501
1449744089485545543
1229363807990583328
1345409944006168606
1172470147022327818
1384739353351159898
1139953341078704178
1243498481591517225
1245372007663669271
1374992473121755256
1462509688653615177
1032986544677593198
858337033076211753
1272891263636476082
1456822164014760031
880068328121597985
734304329002909786
499073422756937738
1456248532590661812
1004655414803181670
1189573494279786616
1255146630676484181
1471768166865834055
1454760392680013866
715781192842084374
1060117225140396103
1075709636302348359
1406611037037269082
1012628430363299901
1452662251457872107
1328559927865643079
1020352195759190028
1431442388995276832
1175431718090571907
969947737120440391
1241365356367450184
1217704344187830344
1377137741908676680
1368973802863591575
944503775819882516
1053546443270541312
1375741110780952657
1063798774285205604
821995224808423494
896234544053772301
1455420466683449580
1121991535135821874
1392689998251425872
1248286351384641537
1431594471895597169
1448897810371182612
1127850112647958629
1263649644584501348
1283266174867472450
1471466440015220749
1112550034668531722
1418479155762302996
936950293361475656
1368421629557739540
1332500970957180999
1401964032004587551
1454495019988947138
1456473372128182425
1321063680908988517
1450464947531288638
1117836273529389087
661231815113310208
1383048533216854106
1259748554117746743
1451950601058648155
1370926822837194762
1434364568468979794
956065813037731881
1411962136732631051
1461932390644453479
1373231671612018818
973937290655174676
1138076407361192077
1344468012044128256
1066588217970794539
1083978090117603491
1466664335752564737
1187003463687749712
877361876156166154
1288657417718202420
1306615512939106436
1424575125738754151
1094650053110530210
982837561217142784
1461927466854780978
973516398137577502
1472945631185342478
1223235933177122958
1467171741284565115
1074332834262695977
1071344686578544721
1449690456748326922
972730984011288656
867951144687763526
873027275602415696
1459370678338977876
1046215811435593739
1363126720378437793
1438798487188934738
1381226305781235743
1466420725563789332
1174681884781981820
1455614858572857405
1253270702044483626
1266442379053891586
868845566501715969
1360500031224025171
944072115206905897
904700002302034000
755680879426142249
1429043778559279168
1339998446635188254
1199356297032773781
1239525110818406463
1455066417446654130
914333303434252402
1383273994299641906
1401176287917244519
1213036781667352600
908291824802754591
1374255372767989820
1185447898834546728
1000587534314782830
795173159170605106
1118433957780930591
855806850163277914
908543997016957008
1192377165778530400
1193188258855800872
887352134264299592
950321985991364608
1460961365135986883
1464833173107114027
1455380388087205971
1460870034737070156
1266101684371853394
885383844642050060
912282187678761000
900656674023563295
1452654324562792449
1086507862844510238
1102497775565930537
1421779372527980624
812341131073028156
929208663854415952
1424079361497366538
1454494261948055685
1048852719198273597
1431926528593231886
1018848912167153724
1413538318020251710
1454602954190487607
1450840475337625656
989895002203258880
962707759923621958
1456274432179048630
1314267799853731841
1124172434199810118
1347402706100162601
1364936130172027011
597278206143496211
1413928545947746416
1118810334329839628
1410272411269599253
1264077928812118068
1194596646936383488
1073584240010219601
1265006419782930462
1278495514530414678
1086265454869352518
1090252604820430939
1452312608626446416
1317353055771164754
939369241562472528
466473493798715392
774573012329562162
1066017642164531220
1453383418594197670
954745794186055710
927186927906611222
1189932437795508337
1314088244782170133
1401794576703819837
1459872558743818470
1055120080997978192
1068788657743478894
761295503266545695
910732169532563466
984807490669674557
1255863445421817867
1397048021816049765
1126300361364353127
1454086469663588528
1459102804248625332
1418493427883970602
1370999433252044811
1440931605760970832
1244601833750528064
1145947849394233405
803226384201154570
1471031596001005645
1202242431223857208
1443592853786726403
1264442674359046198
922491535503798282
916116014310256651
523523036771778561
902160518603739186
907263437191659560
908296759921500200
1145732315675377825
740075312812916767
848643328895746109
1319132022391963678
922285120176685118
1139245215358668823
1135745836911956028
874513693524762634
1355163104534593576
749902904932171816
1359474514018304000
1226390113043611658
1235433318682595340
1452133757682450516
1469296039575027877
1469774955741839482
1450897896583991418
925905368259919933
1458099838070558741
1247219029832237157
1399597083320914023
754913680985948220
1309399182016253996
1418292063837094073
1335236044248842300
1460280177182642452
1396126401282838591
1298268852731248662
1284311257041600626
1336582714882789420
1459113344874184704
474855388735471617
914496386769227806
684302141027909698
757950993165058108
1436658178019561546
1461209933025378460
1292357839951495221
1023096226842947595
1106753489469722704
1453614178907586742
1454351164492742743
969221075944755240
1289230495183273986
1334741770294001664
995575685693329449
1451800563489705988
1293804266976182326
1055229730342834256
1310048950895644702
1064065851470397531
1445670744146182207
1040262779074002976
1466035739228897507
1333803980471533568
856524521594945546
1091581127061426256
1073616584440037396
928554183764901898
1462418881888129048
725533749693120512
1284479191072374906
1022378112450842724
1451879995030114377
1322763590167564371
1161994250188226622
1472036263279333487
888264344591269938
1407690638387974265
737277000703803454
825626942060494869
716635919318253598
1228291850239217677
1366946384644673617
611111375456174090
1196782967167660083
1466765794116632779
1323301174270758954
1046061196991803402
906353743019245669
1327638089165832283
1141999963262427176
1363062195541381404
1370842167269920850
915977596586582016
1453363727087702016
965964658924208189
1470847193907859697
811788576529580073
1398176090119471145
1453706944543068242
815559760962781217
1405531644621885442
990004063292760105
1001312046031310891
1467381531495628840
1453926862903578674
1263309983718572077
1454686295908683833
462159480986140682
1393906345090088981
635412869487394827
650539799731503126
1460078149063803005
1220737352536821871
856534007578624040
1458088024930779270
1403527947528310935
990137361553834024
1051128010310434867
1271300945300422698
1433765362218041466
1446878968077746289
1207944747247861800
1218833431148888086
1131902659872436234
1302935729071984662
1098847758888222791
1297897670613925898
1376721477109289021
1456948428222369809
1465637711221096579
1449237307746942976
878184743605256213
1263073340482916364
1378872687216033864
1462074019103772723
1381003695084539954
1401879453604515922
1374336829829939281
978596785759060028
1001719519053623327
1387798821395894365
1384920092642508953
1330324436263374908
692286801108402187
922402054247440394
1190298384972660902
782430210133852180
1260532307450925148
1355773597192294573
1373448794229969009
1252144942415872022
1180181058621284403
1413877341314088990
1208066996936118343
1336350156945096714
1192835526491902083
1316657298034393089
1290315431269109791
1391747813607735316
1292474960585035816
1460610883943399545
1197900986841305224
1372796019913527316
1417127296715853895
1290965528927670356
1446429508184965120
1385093706125807646
1347574492402155540
1002442965744091147
1035855988382777378
1101867828895830086
1028616225464524890
915088902837125190
1189030774599594051
881845750349328416
1287762199862841396
1125680564993798207
1429307352473141373
1287035491069329419
926351567903416392
1175747693889474604
1378754327362928771
1459591806571511867
1204381325772202064
1338144928609337425
1468269509101224018
883457581056663553
1261233438158229516
807481529605423104
1461680382834512053
1181188512553377877
1444650533473353808
1356256942904836126
1040981673782816768
1255777461388447754
810861971380633600
1372971749477580800
1384398542285574164
1398651790735577088
1453673697608208486
1320614138312917063
1310572807100305481
1400737536904663062
1052960438268207174
1406967529376583720
1163024369463853057
437704571805106183
887975527888060478
607859954657001473
988698288142303242
936104301569392671
1393701857913737238
1449804518589206529
954397993350627389
839485648213377024
685306563493363774
1170580130922508433
1251735754615558245
1426394885342232627
1237592314701156412
723511633997201451
1393845278322196573
1448183318678863962
985216203511459850
1403698769383653449
318341284613980160
1456268413189095484
1064835539544571965
802804622182973460
595062576065544205
712931183394160653
1403250519652171816
1003516888330022992
1294298931471061002
1173266672216445018
1002938797350203473
1301677387993452656
682445605943115828
1402868683654692925
509383042024865792
1176496457063354418
1125425086858530867
1438485947439386777
1409392464023916585
969489056012582932
1082849945465409536
1190965888837492766
978561281667764274
1170237290338070569
1350353127529906276
1469518279365365802
1412427402302460044
1135589618490822748
1236646239886639197
1453274848154615966
1331269781017329747
1450633239432531990
595164646110003226
1440672756353204295
884620896982171669
1257570371641806880
1471425740259197134
1393341342460936343
1131913769719713802
1437406550657597571
1094240975477538918
1170592385051394152
1301169742228488236
1464194548325548146
1179423748462489651
1445948775049990235
1280849313991233627
1344924251781599272
1472502035147653171
1319561421763252267
1359898139074756840
1452990615716626524
793831581672276019
1133955703229403136
1456179042440052903
878187551045877760
1003648709021671484
1339805613726765086
1165312486757630034
1348121906632593519
972686827565776917
1451879574744072256
1309875316130582558
1274028978742755339
954629648950640703
1226501943715958825
1447210099356729535
708043317195047034
