1406826548505350154
932507365364875304
1208354403107606572
1299145532673101854
1322395174730465331
1137317247677906984
1313134039313678337
1374209873767694467
1009665241556205610
1458085520868638798
1213370975333130252
1337351695507787827
1133228162692689961
712098133085257740
1385634334257578085
1335632183804559472
1331511562170794056
953926052315529266
955116846036713472
1455510851535638528
1377384615588663446
1157688647970205796
810768244628783124
1379372020109672535
1213004292932509737
1375840475222642749
911202836816199681
1067757308953759744
1400102248767557787
1266214458318000261
1136319134158831626
912141174993735751
551669490249891850
684566773088911454
1464616263392432159
897267990351982673
1411380282434654259
1029354027030421514
1086882852236439552
904883806564139049
1468314417409167370
1424396822738243746
1266256530421059615
906720364434952313
1325026237546102815
1464513462003826782
704166458544095262
1288470432189649063
624975891864223775
946058878955708447
1097067636136869978
1390610127207272468
1434905652790038542
450644955376123905
1447185315365130241
1068392023494774814
1348219739813580812
1017953574631784468
877891307819909131
1369136376703877150
1304764511261294667
832248895383797790
1176514846863401033
1086640168791969842
1121246120039948309
1388364879953530901
1385960262976143491
1304790570408869890
1247944091421900883
1245610733245304893
677455795310559242
1290709524407255157
953126905475903508
861063468740640798
1239949285676548258
1323978111129354346
1147183435543232533
1381474949608505375
1102618118028800070
974902386160201779
1463021844872560815
1340400064845054064
1280496753845469226
1442015532499865732
1410975180511121481
1084400813671202826
1354800588138745948
1033592227752067122
867407893099839499
1279699704422076437
1274041339021099139
1308764854999318528
913694656368361492
1050411076602298418
1384024506330251267
1370958062495465593
1374016081290723338
1371501725592322119
1355522947804168233
863213632551649290
968103295656808479
1187089973724332133
964160297810165820
955861496695496724
1445030079276122143
1330781284393554003
586006113653096448
1125573239230439564
1142374777948999794
1337608325004529674
1061543752356864010
929246768833650709
932911112297517079
1322897756783906872
1001059893744246845
923533121285136404
806873348994760735
968484014983905310
1408245155571433556
1120698814219681913
1219582834973478912
869572554526974013
1304812756066762854
1156537517873573888
889136014499643433
546325481683681282
1006067842648641576
1109225990791630909
1065834396357238834
1253346933720744031
1422171705895551026
986123119091658813
874279079929602068
1260748563336400902
1425973111232266332
1375297483089117224
1409172203144089794
1258570077230600225
1165889507359469598
902853746151817216
964474897193656320
884694056096116797
920231134888071208
1126531490793148427
744152705894711357
1140529175715917854
1402554677438058517
1308800141230084167
1040522624842858496
1194150149245649019
1380557623623155795
1416418629347573780
1270213043493802098
1129300863035383868
1382756904505315382
995267993581920296
773873210731003905
632885278754865152
1106038567240749147
660479037042458651
1394244245564559365
1197638420265181264
828203015626293270
1332044065193066620
1430962314470883391
1415364458158489600
1131080830643601529
1366396044891525202
952198610903257128
608916331231838240
1331197841217028119
737630033648287754
1456580661090582589
573470333802119178
1462479529145532609
678593424731013151
725167157649997896
925391837856940083
1102432383111798784
843288310298181673
1145370009514815680
838385284889444393
1375117926876708986
1310250113611989107
1263367166636462171
1293417190426546196
1171439273896058905
1284902948370911263
956438906411311124
1174311968925036544
1204460791202586755
1228516061910007912
1371501738426630165
1247490271868878889
1428714134383624279
1126507418814271609
996731035398184960
1019502787140263946
921285264524054571
549906503226621952
1364458904276308049
1341739003002748950
1101421940746494042
1353907379380424744
1434873874415095901
900203371594657793
1456796849905205393
1436424004649881721
908340579434369114
698337534136025149
1372488229382783008
1091241507916357665
1357741896943800400
739466963180322926
822801584887037964
831047222388326401
1317681992841691213
1247871512946675712
862252297999613953
1272494707108352033
1342797754656620554
881403513199026236
1463957805286428743
1357001591265427508
1461654862205943852
1040518964628946945
1383801134522568845
1463421413208887425
1141933183546433597
885202501786304602
1035114745319141418
1170197462087114772
1407645687830675476
832240604028600351
1314979893465059432
1464869514733944936
1434049759911346250
755238258753142854
1062707458969174076
901034790785015849
1218148312335519764
842597317743738900
1391331467824595014
1226190348640981065
924849592154079252
675915479642144769
1269099182753452142
860173033413935124
1246252888167157862
1382947858960875520
1108767809892257842
1100478645971193917
1013318026659115038
1419181334487629907
1436999508679593994
811263471953379339
1064465771926929409
935064596643987476
1160918911118745630
1257963975946145866
864330816954695716
1288186801042882676
597707794916966401
1463487219497963690
629874591883460608
1094551129016242220
978872518947532871
890425169410138132
1428844477434560563
1133686559892328460
1433667593142800464
1471178659485323550
979683458047672410
1455708742355259548
575536249205424138
707961668843339866
934715699841097748
1287800138152153151
1337016468490948750
891285350524276768
735476338223218760
1048525848027877467
695232159606374470
1389044702606524488
1268387567217414257
1306540153975738380
1161939189902872667
1436405946141245593
1460644692625592443
980806807406649394
769337059684646934
1268181429930426458
1345680377691377706
1322189427417681993
1384401532597960736
1008234976573140992
915223104949719063
1377287091397853238
1330500320375078926
1130704369688522903
1365681079922462772
1026015291743944706
1192808756464074843
1330504348010287114
1210834247607394313
1454613071199997963
910850398997348383
1185946912118030388
1215823930993016863
543912246598959116
1439776432447291493
1461991744139694145
1447164047685455926
980515616362475551
1170006518708580364
1315160734677602314
688295818142285892
865572521453682698
1005823172827955210
424873064849866753
683659967374557280
1275000242756128910
1446452420283727887
1438481957993578572
922328618049343570
1433084086980710541
1284776263361364071
1467894361462411408
845240239274459157
1401143424526323792
1118874670171697193
975612262675021824
909956596837265408
834407152927113266
1099998016611549204
1249706629759369307
997049183397752873
696559160694931487
651605638904020993
1255081998356058146
1398204400295743611
1292017095131009087
1369655222292451428
1383211847540281426
1225779204327473152
1335582107782610984
1227953367918182443
862618960267444234
1455413256142454833
1459187701365346337
1268439186768265297
1420377256303525929
830042869724217396
1250434919994490925
1092726841594355743
1306546715997765632
866289328132063272
1265148987393179702
1225375656163020862
1246044808037007433
885358316161732628
1209803128036134955
1464957289541668938
873223245019639830
1026148697987371058
1373643154628284460
1429768140824383488
579659050661183498
688279063575789666
1449947691777003685
900758352139784232
1367470398748233758
1349347573290238037
1291213572403236904
1363169034303967465
738356808594227252
1046318292945600563
1145760764632772729
1324752071349506091
1259151122283888661
1330357129147711529
1320372312956080162
1015465893255454780
1279992863924424745
1059841193082630154
1360044246538915861
409949326001831949
1104365448969076806
798549838161641492
941661607791046686
991683918078156873
1384168776156582049
1095226302459547648
890844142375157780
934640340743381002
1371469347696017499
1254243898637815919
1375693665225281627
1196025655415029790
1177155287023628320
1101497046105600062
1324310650389794843
1122875031194718218
1321866282508746854
1406863495890337812
1423702811987935413
1426960403719782430
1376850553069371412
948381369015341066
961625959885316157
1459095089623203870
1374943279329706075
1310545976582209578
892749724103364619
1262678635324768290
852486691012870154
885709452978831382
1346834871154380870
630230009935691796
860356476420751361
1382338770094919782
1024690715382534144
1447163115514105920
872397510356906044
1005763057433182321
1466668056070586441
1466339721281277952
1370788579898429572
1268975526593171460
863001302916530196
991397979552497794
1030491026651107402
1465678567894417593
1395794826917707836
1150752157293879377
465806073983664128
1427144901963022426
1163718342654312519
1124294256924827658
1129911537973346375
927961812446642186
843659118938292286
919082406462517329
920916175448330260
1170689906553667624
951622624021213204
1385800209719627776
1180751601653256194
1136156967350575246
891481233845010444
1210260124598276218
817727082922377249
1332664229408407637
1163322451254575114
1189558438401937428
1379447956863848622
1363536826609963189
1463145590320791573
1218810356550598696
994163064410751006
1324131367289618441
1342793166419660830
866037922322448404
1274263577443700814
915902514266779658
1028692021294141462
1459117664529285254
1003711497454751855
1427986390389493782
1315553875155222578
1464807734863069224
1234334259209179151
1168836279128043564
1066315849285238864
1218775535170359356
1053538813441486978
942713915228442695
1250858015427530875
476915468964462593
1410292530251042980
1302903168727781376
1275972229133242368
1402915689752428586
1378075968408916082
1386681483661672625
899618512190976000
996239583828258858
1357857347380449370
829233053736894504
1265505008900640792
1263993454279786581
963689341874491452
1260134654841847818
874975927765975091
1277958396120662120
1074240336068628581
1004343730603577365
1052838181831200799
1472090365266890904
943422453957410876
1022515220008153098
891212686531104788
975385577593638993
721234894067335240
1001114280495698070
1355373891609952368
1390218340798173226
900736102971871262
1284469777569546272
1076324855718350868
980999261888073738
1344184861472194570
1017970750055002172
979920776356589598
1376062064753119322
1411888577842909187
912628245055299624
1342968243329171456
1435621862121017455
1380221765120426125
1368223095491526676
1308417299828445256
1387330486153773118
1415746827617173605
1021066323834449930
1471064927748886650
1323709218301415549
1392052136300384340
788288568782618645
1434055066154958918
1324414978307919895
1475061435771129939
842416919306305567
1424281687063265310
1391917840990212257
1474031858378346620
1406321550843576513
1154097990013816902
1417054335904256151
744872698643218533
1467951254016626987
805339424123650059
698530723954556958
1217304200807972864
1267804806727077952
1140562602242613288
1203679136778948648
1083102468558307348
1468486539091771436
1162272861742964858
1394020892597682266
809663961959366666
1405520618832789574
1073506230133329991
1281836308376981566
1000308710175952906
1322383758007206030
1255858628234055721
1451842367505043540
1227817341694251039
1353367908910366733
1471802554248593473
894890467530002453
1279409909267435552
1353007352671895623
1331615067170410588
1012691797710999565
1469996948709969921
1434462671226405024
899573354888048661
1285760053495861291
1118370897368190996
1315206022033309707
896445197351796747
877548993150853151
1469332604443693056
1401524271636942958
1253242819036844086
1097176748518555658
1331526187264245811
1228353346843312148
973601945606570004
934973973102460969
1383989059365503078
898579509912174593
1465364858995212351
1334337897943404604
1223796166450217021
1343542262600306759
1263801628637528128
816299204871454730
472767619842441217
1054474311118889011
544117117428170762
1334371853053067276
1331849645415989269
1405767748730097765
1143165627280916630
914109407107874838
1337385508879470715
764441697425162241
1394920129439207495
1046318350822817804
1332381599790272626
922271916423794729
1287080284424245364
882562277662941204
654588090920206337
1343204396254761010
1219970499375927348
1121262227333333052
454186697668820992
1372354730445115515
423830877886218240
1319261880656723969
1162405357423968387
1281600512063569980
1123168827291729981
1327836383355736114
1188107411278532762
882280023053197343
1349978395370324080
1412434373894209597
1384435545769246720
1246845550561722460
1264996977649778838
1360824010967089203
1374322089695248484
1138356888849891399
1190141286745899130
1468981462194978878
760108988355838002
528576470315040769
1009715725306429510
895232198427426816
1422429662906159157
1324742917784342559
1220680798412472436
1128180906994176010
1382596414340595762
859762978190131240
1346076759900164170
1445071407699726431
1123462633849376799
1376501847782854696
1018404659163050004
1251769959705743442
1215255217743073292
1230889236299907092
1245317741238288387
861286647492771870
1330069891910340650
970174513302106152
866940046568587274
1395305749533429810
1133949234371108894
1206513953002364952
612605723968405505
889787389717917706
1365864119881826365
1442200593278959702
817984424134049802
1328334327557394503
1362660686206861312
1254814591087804538
953245881765863454
1239517775832027147
1441420983431860295
909687288836001824
1350410983600033822
1445066414632468643
1347078267370340362
886534196250689567
1381095889854136422
1348842950033014846
1131884271393579079
1229609160858013797
1248489785908006964
1434518837411315903
1454179579571736832
1408087790381699072
1339882562167771212
1426257263848591511
1058426174621106236
1317136845708197958
1176672684592083027
966285458642440225
1206447515793100813
1137204943351197696
1461920286621569240
1425855772113240184
1274753594716852275
968799336341315604
1464636044480610455
475160322198470667
1084416560535441439
1001338507974950943
1167421222875832341
900732428304384031
1068115362987642880
862169280865763338
1006539918979375176
955035348101128223
1459180374742667385
1373267252970917978
1305040706854715397
1106101619348754442
1475886878069887190
1442409264915152926
711052775924170794
1005350416600551484
1463886061016191058
1304475211348836375
1356890734984433675
1426054349976506378
897832408664133692
1287663032196923457
995628421700923422
1471274574669811824
684411042985541692
927716312090837043
915610583179591771
1312279115302174794
1452145589205733407
917976148770713681
1317665521646309496
993896659585077370
1471161737096069275
1202972339764072490
903114511538614332
1464165581879246853
1455999587910418546
1151513924269772810
1284134838445670490
1356981269657030797
1046784268933812366
1213399349070004275
1313889509645090909
1239189522260955218
1329784657738469430
642652146587664384
890146068065579038
1183037133288648735
1330870444642795592
1439529330647502858
1305543821974835203
1382539207720960031
1038681259666321418
1110142658929754122
1378204629057142864
1060182962752200784
1345892232204521633
1265679813381984327
1465361498174918923
1259181291211853896
558947721483124736
1157718198624460840
1182600202343956495
1255498969396674560
1270194029644218409
1141171994436575343
894243400591769611
1291972958130147390
682961166238089264
1198504930445623306
1079337427304452146
1359180302274003145
903580621291552768
1435997926055874621
1202489857453326356
1210089508322680852
920302504921686037
1218456891475361825
1381296658675011614
1415938600930906115
1471385793074429973
1182871632872747019
1281843204966055938
867312569143918592
1309071339348299786
806433416731820063
437842351713681408
1462164891770290229
1374045864921792672
1086520682902458409
1383754964094029824
700375139732291685
1262735735308423168
1452295121486745603
1381295679296503941
1148865405440512010
1336624933102419988
977194050631389214
1357236001021493298
1174862142063771729
1063077399639638077
1266577528504451142
1297075215360327713
1416299954787586081
908652245556539403
1231110519029633027
702447670618357830
567170585549996045
1348222808622108795
1358309969262411909
712983894340927499
561887163399143425
1383739715852959750
1405116032141492277
1133971972221583391
1144335319135703060
1456520619796463712
1085831834644000828
1041150893824954458
1194637143453225070
1377470650813382667
1017061938234146856
1270585468521549896
1441739926042447922
1006871368417161298
827458724926062614
1140222286545289247
1344567556945739900
1282772691715096677
1039204692632281259
1288130316237803551
694232404558217238
1173209192350367874
910727057326108672
1062205434682937484
1136574699816636479
1440531954679287819
1281586230307323924
1409753865506525235
1371759896357240874
978495141251809320
1377259391065002097
1261332367763705898
808601090530344970
1392835127259955241
1402231053891932232
815922306982608916
747629122917892247
1194546628481261641
1147038717043814440
1146716564717043722
1344271646957109250
786817902992031785
959045573753843762
1111846959553183754
997509360253145168
1342048867381940318
865968967893516348
1291981673973682186
1023509977580707960
1252798321374789753
948517597572366376
1007448493880778764
984832320492146798
1454180610275938469
1316027920291987476
1287299768753586208
1456263323371831347
1171703141360742471
1268963806768398438
937985324288725012
897745719375560774
1042796564235702344
948377947075649558
1452836178230378607
1006466059244666981
1381588804842029118
608670546238111774
901661644466311188
1257182292716163142
578089939015827457
911814730123997255
1381181112147120130
1282169228040077446
709381062471450714
1262379870034333759
1063870990817443873
1112526911881613352
1020609342778654720
906460273504837693
1246456515255210056
999208448304627752
1117472326208987297
1363784611703951520
1341537060258840701
641553437657661450
915086915613630484
1160135928069763082
845553227809554452
500491246054408243
1471519580022243499
1266283724178329682
1011848848794206218
1363378020101914797
1247828230459756614
1385581188797960223
1396676970783313970
1379459810499625020
925670650046197861
1328338496494244003
1040802813405573191
909720455395553330
903935070929305620
1059675609992798209
1344987219185766451
699932525073661983
1408652610159902831
1241942756306325614
979693244403306556
1235074496235311125
737625129181380678
1167673067712028705
1408451003786858579
1216388407337680936
1238630775939797084
1328027389888036915
1318797007405711393
1467337843339825299
752870925665566760
1283351206009241705
1462047718116687965
1368175721423306834
1360940906995384452
1337699236862758969
1194227849066975375
1345722733102633051
1383479102140453026
1049368003587887136
1201269678220263564
1310096561530867734
751815529404301503
694869920143507486
1463741767579861221
1112738132505415741
953602727001341962
1457886788440948739
1195980467258785884
1041932676359270451
547971708947005440
1406965629000613939
1308399566357532778
1380212312740335801
1292300814680985604
1385989263673393212
1087336692211515435
1429011004469153915
1171436285437685790
1244319325234659469
1362409286625394708
1380176041951363102
974144637742751774
1128617498263158804
1079071103974113291
1110456776727470161
1380562888250363994
1395755656576765972
828137259215355955
1372821132738297938
1380564668686532750
1368887767509237792
1359860939968614540
1265184771495952400
731728096876560404
1179022429671141456
1198495845369270283
1185443936819478602
1359503123852427538
889766195044184104
1319530951142801488
1377580864988512296
642743405520093197
457203947422089218
1382287963446182008
1343754372361883648
1204410601837961336
1167622574444920873
1372051702135656468
1039182768606822440
1032278326057910324
1287276267162439754
844467965218127882
1101371185142444134
605738641565810690
1333877658538213508
917980517813608499
1014576062195322921
1309694109077737543
1373949909228589076
1373288592054554664
1333499084215947419
873112284090732584
911142438746345513
814379820519391232
1272837484639944724
1456185365705654315
741201575900479548
1340653172183531590
568071063054057492
923071298039590952
896749377295638528
1170549717009178667
1383642634173677719
1043553813967163485
1373578890823340062
1472199917610205389
901375014308294676
1331079658418077766
578582219602526230
885403794677043240
1187032410072809473
1333062624987975770
1471449147352682518
1333130675225628838
1101829730182909952
1066993946040995943
913025744622452776
1305107654963630083
1323878453379862619
1346362791447236658
805243529139716097
1051690621313744956
917226501135552512
871782682768588800
757051382233563196
1341433502167728242
1373650305581060109
997012034828894218
1375617678953287690
1215559891339706379
1167031229577699388
931009392185339955
1197375906746990625
677789686973857794
955074197124677682
1241576459823480983
1373520075411296347
1072161463621394512
1096814216020775004
1461195120299872258
1370767475544821941
1237772240385212479
911428860422266890
589061014365143050
1287764544671715404
1423867949873369204
1385711118499971122
1250056234489352256
1345932979041599582
1126973368055369840
1175967763920080946
1132191473522200656
1262230466010808390
499073422756937738
1265157099139366913
1189573494279786616
1198552513994039410
982141227317219359
1429797722008846406
725262020483481692
1060117225140396103
1464959133462691963
1265929104306212926
899581256164048906
1408955594123120681
1455391511138140353
1127856888231505991
1267917471290232866
1231259664725966910
1455420466683449580
1073121084636938300
1223121421715116042
1363886366647124139
1468925981791359079
1263649644584501348
1196124541781557312
991883121266016256
1471466440015220749
1208429454511308830
1054165452034678864
1173155960307593238
841348816552460339
1211600622025965608
965440245355126804
1318434118547144764
1195881236648972357
1260804178700140594
1253647304930627632
1343403241635053668
1461917545769730090
1447949648789766155
1381483208276971520
1370942786249031680
1349005491124178985
885388305829601301
940104477359374367
912951861890404382
1248288677436723210
1440334541947404369
911569260961226782
1262347964161069190
1046215811435593739
1438798487188934738
983134645254246520
1132138209938264114
1253270702044483626
1266442379053891586
868845566501715969
1360590158394687691
904700002302034000
1156434469549518848
743479609500237926
1344663040402001993
1449743081971908690
1084281132671049748
914333303434252402
977441351375421480
548775813030477825
883224694084501516
1213036781667352600
792557596686286871
882483057783877675
1185447898834546728
1315995854619938907
1098822928705003595
1144504474912690206
1401217439416713227
1155764857547784202
1411222067969265664
1474834915395768403
1049142175423807498
1245635280870969370
912282187678761000
540509020675506177
933919250186395668
1288524746056532042
1289500259810152491
1354428044638687394
884331756931649576
1348288606585753741
1284709687257858058
1345971225788416092
1303655618288025661
1380132487497519186
1390003899057963192
1392638282801746063
1314267799853731841
1347402706100162601
1364936130172027011
1390000617573060638
666287627820859422
1128598796037791845
1118810334329839628
1410272411269599253
1264077928812118068
1457958490516492499
466473493798715392
1284868724423397387
1335043193171087472
627123291592589356
1281594525273559120
1468877510703059046
1237438121902211103
1257329103313436755
910732169532563466
660148605407068193
1255863445421817867
1237720491280568320
1175078590715539479
983659530799947796
1215302095171887104
1255566824821620827
1069973528973148251
989505705163780126
1350002686556241961
1440931605760970832
432089591500111882
1466962250278633616
784959707479670794
1034052602721218580
1380576975772713173
1270500324125311091
1269687014354059396
1447607178373500941
757928787076841617
985009549582958595
890236349515448370
848643328895746109
961220283010793482
1002586002335998073
1139245215358668823
1289945578570252403
898787259434815499
1359474514018304000
1460499147181264986
984853624523993148
466232540378955776
1323977754210865172
1475027310112407618
1472057158639157329
928796971056128001
902164408002805760
1118916449390579866
986233537898352641
1445054365382606979
1166328212880633970
881462896620630016
905967987532644463
926082724735905812
1100794672563097611
1088844588174819388
1010129172154286120
930722259788783657
969221075944755240
862881011767181375
1435879194067341395
1055229730342834256
1040262779074002976
1073616584440037396
920659216535019550
725533749693120512
1010240551104282754
1147793029718097961
1267699939912192000
963410969067925574
888264344591269938
1467887335260815451
701346463241994250
811226264433197077
1320071918761541689
867303078890176552
1228291850239217677
1175373018139213864
1196782967167660083
598801909108965396
1165593430483804250
797680414608719902
1014434502531104778
1205683629632790571
932938496820260996
1439508568641634396
1382973823619694592
1387436869884842058
451308687638659073
1251028979721306128
995223115686744084
581373692513222656
1372219254769717268
1299336775516557405
1071045584426905600
1307635370271182918
1272782023072677958
885331425325383690
1265958982632214572
1363183619371438222
1255453295233863681
462159480986140682
1090913885353156658
1159757286303080471
1148211284861534258
1325326473132773467
1306623088602910792
1274243009151635506
1392329335871901736
950251972248887357
1328337971665178664
856534007578624040
1465619708328939593
1092794213504131162
1388817630999085097
957155791515820072
901298923719778304
1340187136615518211
935737225180762212
1320958854028066841
997115210190037032
1074124233367633971
1376721477109289021
802758416358703166
1112615953042260088
1401879453604515922
1462850457004409027
1364104547227930667
1261688786430197871
1271860604935868570
1444358910843686973
809640397734936627
1417127296715853895
1425776165208985610
898210321108447253
837570974701453332
1412393970213847101
881845750349328416
1141377549633589300
926351567903416392
478233782386819092
822357321489317908
964154447037083679
1410799201373130762
1468587241440809083
1027081591710822440
1364623699235307632
515790867051577344
1183376078417436716
1261233438158229516
954763237923094548
970247975408381982
721262544509075496
1217717935339212871
892631921471930369
1269592060269166666
808069457657462824
1449071713529761967
1053890783096361091
1225209991539982429
1241663602360844379
1233057428250165371
1256991314965168272
839519781966053397
887975527888060478
1256942609843224648
1262660839555727440
1465333130419241211
1401179606425407508
1428245593058185298
1339103167526342686
822343311125643283
721523485758717963
1251735754615558245
1389284307691901109
888030606418661467
941969628547149835
1310242892366876674
1076848350239924236
985216203511459850
1148137282625343538
1206829722110263348
1146092932512882828
1199972423743840299
1232338950576934912
1297133862098305095
1294298931471061002
1031052520157614090
1380912880760913940
1327302157732675700
1197190864921972838
876081101649612830
1450376042429812893
1301677387993452656
1129999787463299203
946595139135098901
982219790221467700
778870559953780747
1064861548755030027
843756011898798081
1272551652733222978
1190965888837492766
1387278999390257163
308128288256163843
1390234935964467252
1323897039226011741
665715416336957440
1404644162099482735
1423664427680530503
1412427402302460044
1089552624673632296
1236646239886639197
1118387920915677286
1013398767262777426
1376400504090792050
1112202438435405914
1142845942819729608
490046804403159040
1048517624805470298
906550981410562118
1154047467432722502
491904983080370176
1352853158992543746
1271089916998189057
1198618181581946980
882851452081557515
861795762789810206
1161623599426326580
1152588297852428288
1275433145000263816
1409334729022373958
931571509556826172
996334149134729347
1451879574744072256
1232546171482935336
1409820666051563622
1274028978742755339
896178797550907444
1443107332040032288
1226501943715958825
1229424733632729108
1447210099356729535
1421789581417775246
1389436936967553065
