1208354403107606572
1312770624887853079
1060902518831456256
1133228162692689961
1025050899271393331
1307177445035872277
984056409928908830
1072770445180416020
956972303592345650
1331511562170794056
1043028809915576400
718042699323932744
1420278815040471111
805396535361667114
1306813505277661307
1058989305147686953
1362026401947193407
1452495325754429470
1381242772425543781
1400102248767557787
532060239571451905
901090990880858173
1139462622232707123
551669490249891850
1406145975814459402
1187513206445457418
1463337544824656006
1029354027030421514
903652141510565908
1398168467160432680
773840603368128542
649919340447268884
1198640095335555083
1443520987780874344
1163100339294195733
1465730321076191322
875265522491609089
1438906205920825632
1304638757395234950
1256487508800307321
974902386160201779
927773703209631785
1032324740918026371
669454163507150889
1462713984032571432
1392502270909743286
1358410368472453180
1193555606678798470
956532151568957450
1431628303617491114
1462440148129288358
1371501725592322119
1470958911958814730
863213632551649290
1471840082645352449
1236174039488401419
1442909033408364675
1431865901195722833
964160297810165820
1377132805770838066
920145430921248768
1435184399187443803
997362005751119902
1463093850800132127
1271454588599533701
1396503084275994675
910862738413219840
1196799841930579981
1408245155571433556
1131475063468720189
1116257258704207902
1170152276514582641
911519394222473248
1009737187123802123
873872188078428160
896977739813388298
1070715512109150208
1420438279899316234
1462765395462328412
1065834396357238834
1464967693168808069
1408016165061791796
1324760675494395996
1260748563336400902
876042458218242098
1330671437102452829
685313739435802697
1244669274472317052
1166752461336354870
1452682733993197610
1385604063013638184
1126531490793148427
1040522624842858496
1053212233288663050
1436527126730903684
1116716611215306873
1317351374249398372
1332044065193066620
974491794618339328
973524473473040415
1467907756240535624
1337687895892430868
686596033005879304
1308758595881664593
876379218290823199
1253655552773328961
1469998559133696030
1428714134383624279
991232405501386824
1419349236432109658
752066740749598731
1341739003002748950
1313841504606748773
1459777451998711980
941006880967360533
1410094218835132468
1091241507916357665
1407877297356406854
1320027342487289947
975123458935619705
1418833207746363432
830415585556561930
1460468295831392267
1305862207032135791
1404542366190145537
1117412473616732170
885202501786304602
1369862303066882048
1423698361147592766
1247901762241695858
1312726665704771614
755238258753142854
1311576693970046976
1007517449660403744
1386379528288338012
842597317743738900
1373533707310338130
1446451489051771083
1189845028399493222
1471513571883225331
1109037445779038248
1435240885842612306
1467854669257642108
902934648957599756
1041245021518704650
1402180694482092073
976309153238761532
1258550831398129758
1420393371712618589
1349334536403550330
1297440874380136459
1160918911118745630
1395990470945144832
1397460940626202666
973813892381835304
1288186801042882676
1463487219497963690
629874591883460608
978872518947532871
1312049254147166289
934715699841097748
891285350524276768
1104386232429051914
645576927717097494
1207662668891168792
1284429632417828867
1436405946141245593
1272786005832761436
1111201923291430942
947153773963382814
1330500320375078926
1030471109151309896
1341708482847707188
1369394498651688970
883260470335787058
755088625208786965
1379409612993855568
1454087306427498561
1016689559972614267
1424248071033978971
1084042138968395827
1443463924329611396
1221449147014451280
1471860568062165117
971782314227007508
683659967374557280
791613358532067339
1266614117645549648
1424250969796907119
909956596837265408
1284808303616196618
834407152927113266
1249706629759369307
854328146664357889
1459187701365346337
1412416907201609789
1352273221638160475
944084149633970187
1092726841594355743
814398755972448287
1089375429846106112
1329076696057647106
961614252928544818
644533144816582689
1209803128036134955
873223245019639830
1229374308653076594
1449399455903252716
645921499815084042
1252189276494626909
1367470398748233758
1349347573290238037
1405826351520419884
1177919668237905990
1456590041517133942
1125247778323439616
1260911804217823284
1343912715113988207
1434564921948901451
1464914661156847637
712601978399752223
849171420399271936
1031179494159032361
850009548911280168
1255842310344937532
1274015758451605626
1371300836461903942
1346100733795368981
1136928383310241883
632461308616507394
1101497046105600062
1201176130791669801
1203743273198428221
1406863495890337812
1155072680366719097
1127216511556255814
827855433720659970
1428205933565317140
1412464194657456290
1048990275202195548
961625959885316157
1399705003828056166
1322876560193359873
1357265099643158569
1209450126846984193
763291097333497857
1304502590238621797
860356476420751361
1389670530235502673
1024690715382534144
1183428901003858020
1466339721281277952
863001302916530196
991397979552497794
1129044058275319929
910784605857128490
1183751579296354382
1257322229666943056
1022778409547472976
1458492776324010078
1469964377040879698
1146651523863035934
919082406462517329
931021738903486594
1165147553839456346
952390339220631623
891481233845010444
949707577015562300
918810826712948757
1381468607292375063
859501679288647681
1463145590320791573
1028692021294141462
916576909121421403
1464807734863069224
1319576526236422174
729224778107453440
1411666593511116861
1053538813441486978
859365005950844938
699983236675403897
1334829733203939378
1398325529836392460
1460227444475822234
1197476291130167327
908515029375148042
1263993454279786581
963689341874491452
684739565356974110
882963945521049693
1465700334956712042
1128930469627572304
1034409932906315776
920970389784510464
1467849415690682399
1001114280495698070
1417894839546024016
1390218340798173226
900736102971871262
1435604601389977717
1172959019657351363
845654106000588841
1404235922295488684
1123866724639457280
902801589901869097
860510260967899136
1070720051767939083
932937634878193665
1324414978307919895
825266193052073985
1397854486625521764
1406321550843576513
1147714212580302862
744872698643218533
1014504460426412063
1017066705794650175
809663961959366666
1233617203215990893
939427132210282496
902485914960420884
1433771151234039839
1281836308376981566
1000308710175952906
1385644331817505009
1471802554248593473
1353007352671895623
1415338181423005780
1331285948859682856
899573354888048661
1285760053495861291
1456873459178278912
1421830456114151494
1228353346843312148
1023199416464707695
1377523197901013138
1010050473056817203
1403600662167683143
1408155869195141141
1223796166450217021
1020299495457706085
1260885535958765708
1187649377221750934
1357126268625223741
472767619842441217
1056879193335545866
1404653214359355444
1331849645415989269
579815915407802398
1400711322265452614
1213008746243166265
1244568560420917363
939320635941859378
1394920129439207495
1377282742747664384
1265305892807639051
857212991232671746
1434832096211243115
1404137572216733808
1377548468448530482
966202317764435988
1122503754906877992
1187803705928597559
1039179695561912381
969600255656079370
1246845550561722460
1297169171586613258
1440006029290242138
1401750240775766018
1468981462194978878
1006358139169411102
1324742917784342559
1327477111144841246
973573517222232134
1123462633849376799
1176915896430772331
687800649685008433
684215345535516717
1230889236299907092
1433459862989312000
1412381459137695846
1399234398519427204
1160509782734688267
869207053183377429
906466667297652756
889787389717917706
1432593387114205227
1280069944381276221
1278697564803432510
1027147241430986802
1299710810305855642
1468624546826293372
1441420983431860295
1388464736185876521
1131884271393579079
1239166593586429952
1172780568967135262
1229609160858013797
1195365499761078404
1120038749011710043
1454179579571736832
760141901684539413
1307403677140783225
807851566706327593
1337737294488014919
1448338301848125572
912346353445797949
1317136845708197958
1176672684592083027
1354436831730733156
709964452359045123
993861810476290148
1388471492848648334
1292799256645734480
873902353621848074
1305040706854715397
1005350416600551484
1391431334815334466
1142628235998416957
1287663032196923457
1374707145366437908
927716312090837043
1394282557230809190
1187411782667599995
590776423581483018
1317665521646309496
993896659585077370
1456846565900550265
1394476930610495499
1198460797823758426
1001128023078211595
1036141273993711678
1266713846660202539
1284134838445670490
988292576186621982
1435099553870250170
1354032856418091020
1396845956862967842
730400861284466766
1410449444817600592
900716926320390164
1285505188140027909
890146068065579038
1259517817875861504
616626972277211136
1392778075770458187
1454401038726467666
912958417067446322
1367721460839481354
1297556140363874337
1299751687321550931
847132564379533332
621341315006988300
1472103790734868641
1454078753239203891
1417159810981433424
1207159532099338290
894243400591769611
1344651719283310723
1337397927219429477
1095456899010404435
1320592566680424532
1305019831308910673
1059862364591239279
966231907559940117
873949935928770580
1463429059705835742
1194141623001563261
1086520682902458409
1262735735308423168
1439953725023064115
1464793732745269382
810739132715630593
1407941479707447387
1063077399639638077
1116396977010254006
1189348437741813902
1422876594648911882
698909815908597860
1402938063143047171
1133971972221583391
1185124743700021338
1401158805903118407
1365245190687690763
929740361948094485
1404014672759230484
1006871368417161298
827458724926062614
1014860357531091005
1444333384385171591
1108399173671329885
1412126937270325338
958962528241741866
1402241534291742770
1404696878779596849
614623612111945728
1449352101657317469
984832320492146798
1388145676298354835
1436008129111392347
1258755288748527637
1352570521614553164
1171703141360742471
1410124382407491617
979703891618852895
1237610551207661580
1377644640563499150
1276762414834126901
897745719375560774
1116617707966697532
1426470276316528660
1050274661818187845
1406215733460992103
1115560563485978696
1409233468596158515
901429938375237692
1365541784578555904
1261555181070581824
1409861905631416373
1027962828444926064
1101503932318105600
1452981274191859823
1311296790527479840
976358829224755220
1208960138770128946
1350394771197399041
1384156855349280880
1351330524949647451
1265526132703367319
894936081894604820
1298273466293682179
1105094552634802226
1246758565604233301
1040802813405573191
1089034384453161111
1189780814955827210
1126505108314787932
1167673067712028705
1422446164413911051
1404596149142290444
1408451003786858579
1360940906995384452
1458440631247700186
702151592043872368
1278968796484341946
1321073375262670940
1367047731922866218
1271047879590412349
925319088174137345
941154114455343226
1411944521222197258
1062995799715352638
1406965629000613939
1292300814680985604
1322968561785901088
1131158919792832513
1087336692211515435
1244319325234659469
1004043803428130926
1464829519742373888
669422046576508949
1406236294765609113
1116267626612658236
1407583282320773191
1468941811904024663
1327537584217522200
835887943909507074
1264263245137449063
1179022429671141456
1012253079757922324
1357021537026179137
1471174253025165521
1244484197352210462
1379402195555975269
1001472770141601943
844467965218127882
1125686194479575142
911846943028817970
605738641565810690
1412417789242904667
1340510494082990146
759054384688005120
1426165299714985984
1018368695749324830
1055360229589667861
1263540095244439552
1043553813967163485
905741731037843507
1386161752789618859
977172278691393616
1150356257052557322
1403971763502579772
1277402571430035557
1307287044829220895
1317264710986629222
879666552704757760
1461043718873284761
757051382233563196
1305853198409400341
1377800309631484065
1388451537898045576
1007626538893705237
1427272701738876990
1197375906746990625
1025809110127628399
1072161463621394512
1237772240385212479
1462664102038999164
1046047346233974795
806093531034157068
1436401940501368892
1183752126137127074
1210496966052810752
1423637219905896539
1468547039053873172
1409877080346198110
1423867949873369204
1399916807564824797
1216755870487285800
1321130988566216704
1243498481591517225
1302630892899930303
1086555354306969641
1033364382085816350
1407575781806440498
944790491084505159
725262020483481692
1136669119979200613
1464959133462691963
1378645701629706331
1464847163094733036
963368045965873162
1229747544150769715
960218079051255832
1468387808262754439
1223121421715116042
1054165452034678864
1173155960307593238
1400772220963393577
1436585733476323359
1253647304930627632
1410293842414014474
1384640648556052601
1250264919920869385
1361716496144797706
1190885726552850494
1052160266047074324
1223513331973886045
705699064926175273
940104477359374367
1248288677436723210
1409126280871415820
1413148079997063271
890194865923706930
1092083866178695259
739276306625331270
979714922155999292
743722082793160806
1464143987324616704
1253270702044483626
1387956334715998278
1266442379053891586
904700002302034000
1412380701885599744
1176057975744512186
1061483959147577404
993006747700703292
793803257049907220
1315995854619938907
1304462962605690884
1404589799054118963
795173159170605106
1023244683490623488
1163854449643638804
872396600947900447
642545529318014996
1155764857547784202
1245635280870969370
912282187678761000
1406667049781952633
933919250186395668
467035317384249356
967055971908206592
1335355332477714595
1001555498878906438
510463566210400257
1249638128793161731
1467861388570394737
1173694233996185666
1128598796037791845
1410272411269599253
929610458430857266
1167428278781485079
1470075793173516310
1468836208271687680
1408281002974908497
1444598753645559809
1447206031871574091
1215927675202310264
989505705163780126
1054026846834012190
1466962250278633616
1034052602721218580
1285929377103745128
1326311106544664576
1323881317498097754
1269687014354059396
689300082301861923
924594835351011350
985009549582958595
1160491146552819852
1359474514018304000
1460499147181264986
1323977754210865172
1347561620913651764
1399597083320914023
1141762242606551271
707586608055975947
1275075282750931079
1281975666883166290
1030799842655608832
853941611902009345
1040646886647935007
1244604856380035197
1190499166707798080
1456637408727531551
1310222238615732247
1014771912389443625
1147793029718097961
963410969067925574
888264344591269938
1327284348956966995
1086894550276120616
1454096953443876971
1224757896601010326
1323120178996707451
1308845087412981841
1353349499262734457
1421893735545049274
451308687638659073
581373692513222656
1391781279254446122
1001312046031310891
1363183619371438222
1255453295233863681
1148211284861534258
877160904075145257
1405379061311733874
856534007578624040
1417109298458394779
1457327359488425985
1096046742849466428
756502010265600150
911966005310423041
1351931765907787903
1112615953042260088
1247807697701572694
1402698273709494343
770602218286088202
1186324684497760267
1316657298034393089
1260379303217205379
1410267303031083042
1394557374190325770
1454635923118620765
822357321489317908
964154447037083679
1010597604876365885
1027081591710822440
1045980662395572326
954763237923094548
692552946025758772
721262544509075496
1423166412800790558
1217717935339212871
891301836424900709
1397172866394624073
952384899040550932
665400333987479581
1393701857913737238
694525188733403246
1352610169535598633
1412378761583661099
1276503799736827917
941969628547149835
1265277745265639437
1076848350239924236
1441594906865958984
1198631792643674173
1365168064957648907
1436208414027026534
1263204523472850975
1418129149863792771
1147390088360251402
1255818353025749166
876081101649612830
1043790353616076810
934439486304174100
1111969567141527562
1221789861430693970
896420743011794955
1038289042065866845
1460267938606088295
864489600982712360
1353601066700242984
665715416336957440
1404644162099482735
1013398767262777426
1353977509041147917
1392055367382466581
674167913967779860
1355700301226840239
1403969998241923074
1377920464785117196
1271089916998189057
1036644681288794262
861795762789810206
1112014518130847754
1378627184045854740
972686827565776917
1133788844169363528
1447991726131122376
1226501943715958825
1421789581417775246
