1324414978307919895
1109225990791630909
1204007211853156424
1190943620484841542
1410557563346489414
553162183207419924
696770134722871326
1172909430321455127
1040606643517399041
739355795212206080
1269006080277483632
997835383511453697
1349008405548765184
1385634334257578085
1427589790450319471
443986106745094155
856179165593600031
1332148751346831542
1381651689131606067
1393184847731626044
608035588406247444
1294311386326761584
1312291485613559844
1368583286884139018
1347016469170356266
1365891718263865506
1435582023535296604
1380518062737854525
1330511156120649748
1270010058050375802
1379752804880482395
1089364100536086578
881431218506330122
1352939012318560266
1261271146314072096
1331457562843021374
1143058061611774022
1353000377385091072
1333082580722913393
912141174993735751
1272787863460642859
1363312944728768664
897267990351982673
1180382217424347197
1029354027030421514
1373308871753334784
1327475890916954153
922928971732103208
1468314417409167370
1364351981321457664
1342675826751180830
1368207223427436556
1329331877554683977
619815635668566017
1223579985399382021
1320155037619720273
1349617697737936927
1218579558022774794
1112655977616003164
1174942694267699281
1371822792282210355
1348219739813580812
1376449934894825555
1369136376703877150
1113834622934073354
1151159788839907490
1441641580699058367
1402489011909693511
1086640168791969842
1355891669547090041
864339123296141313
1321693046672199722
1110836895958700112
1247944091421900883
1316279552410124342
1410849589908738182
1387968342475800709
1245610733245304893
810119570525388800
1304432043752689678
1375377269400408134
1134068210052890634
681803720849358897
1347800579493204008
1389243242264002722
1017809830049759282
1354800588138745948
1279699704422076437
1001669649928294441
706062672403234856
1308764854999318528
1334430557957918785
1051492398812909608
1312769665461653576
863213632551649290
1276777052527263767
1390949507486842962
1371080361236234290
1364975261254291577
1305866768589520913
1138742638162489395
1187089973724332133
868535578352820294
984348311576248340
684584887373660172
813622919980646452
872797985682124850
1349835411492573194
1053950048209223742
1166027326555951196
932911112297517079
1282913860722098238
792339774463541268
748044488173420636
1379288882222338069
1162568636276424785
1298154658316947559
1162017877260513320
446847851897683969
1396237824251924650
1389545312162418749
1056147865187135581
1155127071920627833
1355815445604859944
999526566931480587
1127107963853754378
1398561252799807618
1375297483089117224
1126710328625995776
1382614683630047294
782789558551052298
854091356364603402
1372668548555608064
1015898245630799923
1147387037838737531
1376388821943451650
700344441256280154
974260050199711765
1392055952483811349
1379656138265464913
1126531490793148427
1137005262033666121
1373166100623261708
1384850716665053205
1140529175715917854
1168368899021090870
1279979151666712600
872896567642837042
1194150149245649019
1084472636534427668
363961459715080193
1380557623623155795
1129300863035383868
995267993581920296
1220721201354375270
1375696673870839940
814033263253258271
1361670160452419745
1395019356307718144
1237760008452706318
1392800374796062863
1332044065193066620
1383096299686985882
1379840200112341092
1131080830643601529
959099015461494844
1266030584011030529
933203737365839922
1330516752307847209
750190894027767929
737630033648287754
1337687895892430868
1372886183847399464
1227585537318322198
1304399299676864585
1152958630719672411
843288310298181673
1375231998469079200
845910975655051294
1197531587139620920
1375117926876708986
683829640640331841
912699438605164564
956438906411311124
892262626816573480
1204460791202586755
1347748341118799975
855359248234053655
1428714134383624279
996731035398184960
1353012722341646390
1054687647513186306
1223571382928150529
1331636026669531140
1373292527641301095
1101421940746494042
1176041711961649215
477433660593668117
1189818872392585216
1298527081197731902
1150392088991645818
1377172000950190142
1292119955432542359
1300806726747951106
1367373796482351216
1231489104550559744
1330195418071695502
1357741896943800400
1222181027611676755
1078630748833206323
1427346552799760524
1377889163407392801
1116799738361163806
1402936893393604719
1304634413128351794
1024543570515988490
1062213911945941002
1316994622832246799
277204619598233600
884697993406717953
1105846604709236789
1351761917198336082
734391067016953958
1383710008440651849
1357001591265427508
1382000949152976919
1359005044694847773
1137528793406394428
1320060258210545767
1455070943570296949
992271677079695434
1382981262528086046
1199958996149338173
938324682812293170
1427533630288166922
1246650356960727050
1372346332546601040
873825114356064276
1338715039317758033
880427584196861963
1211323449751117865
1399051286640459827
1346759750615957537
1347546327952920577
1125737117876748389
957212629821194240
1329448665751879773
1026867789383868456
1069897083663962122
1260134220727324713
1331254986314616894
980779631630241842
1471513571883225331
927793978445811732
1363431673655459901
860173033413935124
1375700779188621332
1380446046844489768
1396334659847192627
1372220287474471035
1403171302482771968
1136626488066723951
805145969317642281
1334390653295005766
1290958812584476714
1373289321519386714
1108767809892257842
1378588344895668224
1376928168413364316
1263366420461260800
915832605742608404
974220832513601547
798766402240380968
1390280072744800369
1257963975946145866
765471826608259083
1288186801042882676
597707794916966401
629962435859841026
1307328330953134171
1097490682811269230
922943710105329764
1185526964837158913
1403268273646080050
773428158434902026
1298068964487987221
1371431413030715445
1122532417236893758
1363378190873268425
1040567914144727111
910455670816526377
1238318315177246774
1373787273132507207
1106126566129410088
905997804332261457
1407336930785361923
1345680377691377706
1320607386246844548
1384401532597960736
1008234976573140992
1019744247676674188
638248930106408970
450309855769526282
1379415223089233940
1373367087686353057
1330500320375078926
1249371110491951206
1184264287015931935
1047014641668206592
1342374600234762341
885808306474614804
1349747851718164491
1135157046942109736
1112341261588901940
1354122203356205149
598711130654900237
896961927245340672
1124992548017016922
1296403522061074474
681836999199686677
1280106253401460739
1034365709746188340
946757287794593874
1085108992696664185
1376784499605766206
912133553909805056
971782314227007508
1258321273277120567
1382674407591510047
894901723200638977
208897058357248000
1247170031931101214
1366718699880321126
1180696324568526890
904519190751375361
864773786297565214
1343151560989081600
1366281464781475961
1331265426566545423
997049183397752873
533943166273847306
1387316522707587112
1086557780623765615
1067018927416291408
1428005522329571472
1353734487686643803
1346995773178515546
1380174772637532200
1211322738975707146
1172413445493248011
1315541590336471161
1268439186768265297
1406841139612356614
557428959642517515
1290673293304660021
1162438412863807538
1362959708897411254
1376504469054951466
1265148987393179702
1345444989341138946
1092033859962548234
1011613013301809172
1372190267477721241
1129224906119331942
1385093490026877008
1376886471725678603
1179455302945480796
1367470398748233758
1223884897177833514
1380174595050442752
1190479289481711736
1211698091602870353
738356808594227252
1046318292945600563
849171420399271936
850009548911280168
1324752071349506091
1258810654589194250
1274015758451605626
1341033831083540555
1015465893255454780
1387232141846249563
409949326001831949
798549838161641492
1333459933756260352
1384168776156582049
1396839769434226739
1245721691951202349
752885989235621899
489715711275696136
1375693665225281627
1311837205484011642
1384771744845529142
1371497844065959959
1257889444984258682
1196025655415029790
1401053943512957099
1188142638185058416
1132932769111081010
1188367548308271166
1392772923844198455
1432582723905523763
1300922840140222499
1166772237681053796
1416796295322144789
1373775841154039990
1397195019114254447
961625959885316157
1331867242329276453
1293244788702711942
1180744239215292416
1287781386480259086
1209450126846984193
1305202493399236751
582843401003597825
860356476420751361
387968944465641483
1326688525076267131
1276581524413612113
751428402791317564
1024690715382534144
1388381677621088287
1390268915296239647
1370788579898429572
1208337212085641217
1384361911034052628
1366819333338300457
1258964969089794093
991397979552497794
1009661182606594108
1065096539619479682
1374926601170587658
1291704378167791681
903492628736262184
532218499666411530
1375317223366721607
1265840813565546599
789350943002460181
1129053619140968541
1373674759304511598
1253586447017971774
1380818518064500807
951622624021213204
1136600539614937148
1199715732716531868
821642181416714251
1412482642552557711
601264773333516309
732042581764210729
1218810356550598696
994163064410751006
1469354505412804719
1140188403967729765
1384720658033803277
1028692021294141462
884627376040992768
1247006271773741069
1247038364440334490
1055708125732294657
1159902036687605892
1373303483494563913
1330515830689103963
1348988367815049306
1380073445962027140
1372979717275258880
707927648281559042
1326564181939458068
1309489962105962596
619343869632577557
1217366938460622858
1066315849285238864
1311259825216425987
1376191652171087973
1318582183048380456
1191055802518216749
1333440863040438385
1065215493620903956
1285617298920570880
917990501347627049
1275972229133242368
1262002756843999256
905343553268510730
376532340576616460
1389607234102886461
1168891096403824682
1357857347380449370
1116996927377133648
1265505008900640792
1267484322076819477
1339554788538322964
1112651706229080135
1361985124299968753
693652862537957467
1028106709941624904
1388172165291048991
1405824565296500758
1377946857648685138
1074240336068628581
1390266214722310264
933362313493381160
508311432006336515
942239534991691786
943422453957410876
1272580878039650355
923102825897156639
920970389784510464
249400443266924544
1148179480041496646
638742103203250177
1263765853946777632
1455648415064264715
925205335378108457
1390218340798173226
1317683783926939728
865456223163645964
1267050605441192011
923589110814359582
1416860838744297684
1290262022931353617
1171067038849052694
1272545214048768065
1334526562904707154
880662584968216586
1074177255229632563
1325333429532758049
1201130366610706484
845914159865790516
1173170728573608016
1308417299828445256
1021066323834449930
1350639534689226834
1153664844831129721
1333245439532601344
1383125421037453386
1392052136300384340
906267219007242242
1213825958327615549
1406321550843576513
574906335510921266
1343933901445533717
914499907438653480
746766668243533906
1371490419409424424
1373458675368464468
1385062256295018569
1162272861742964858
809663961959366666
1281836308376981566
1281114157147750523
1249598367739150407
1353367908910366733
894890467530002453
1360905956204089545
1167096072561246211
834724254095900692
1193450408568438856
1385630963043663975
874170239523381320
1118370897368190996
964036997943545896
1277984427070459995
1253242819036844086
973601945606570004
1131202272760700981
1469295357828661380
1380112429173833808
1317112164300886036
834438936561582091
1370958768850075678
1355460589643894875
1223509225402138666
525282226628460564
1188832861193764867
1383840114924585151
1373433595275903177
1390262067109429263
1381176754248355870
1050735378518257664
879340384210259978
1261914295118200894
472767619842441217
1160575603624386751
1054474311118889011
1316969236928925797
904177482373161001
1359660098561245328
199969246585946122
1308061499469729824
1459458087516635168
1264458182680383550
1387734270436704309
1396773049856036887
1385056337628758191
914109407107874838
1335938418542116878
1380528651207966804
1046318350822817804
1443810818675441716
1382612904477589595
1360754186848960595
748561431078633584
1404351268889169920
1375316303346274325
986469936924860487
654588090920206337
1356227261069660284
922818097096839218
933305149944889364
1377231066364117136
1366092109609963665
1355038918269079615
1243488372521959512
1053964388631056456
676968938797531147
1349978395370324080
1373516160443617290
1307288994442248253
1165193345530863649
1115853862373433425
1368944716300943370
1384380071585910926
1257356437206859887
1384435545769246720
760133153289142283
1360824010967089203
1297226799956365426
895232198427426816
1422429662906159157
1382596414340595762
1488058594409582702
901011032695255080
1378661424179707935
1376501847782854696
507219633640570896
1371363950817574955
317490185665380353
1224370096890187931
1387006359328915539
1245317741238288387
1385585783183773857
1330069891910340650
1089234613970407515
1380347014704795659
1365864119881826365
925609000995807254
1342158946693287988
867729842765037579
516980330339762178
1370724644511940658
682222363651342363
984789761015287819
728900379831435296
1262021277959454720
1249195712781090859
1375692673767182347
1143186476755075222
1191727774927433732
1331509641481424921
1183321831390855243
940922548487614505
1113452676768862221
1406684639875174420
1371840154691436636
1261925400142020669
1327271688823636062
1339882562167771212
1385662381329219627
911679028207956058
1058426174621106236
1375355979256041512
1176672684592083027
266172141047775242
1373541428730527744
1310883620852072489
1127843035758198795
1285101065175568458
1306527929760481291
1260769722908278845
475160322198470667
891705781664219217
1270680698809745429
1068115362987642880
836686279147388938
1300311596937248770
1353437803194875987
1373267252970917978
1241329807812329483
1147544871326990358
1091659400067944488
1250704612076421203
1469065680224784531
1193402740425101423
1415251429211373608
1379833694273015859
1177768945231597749
1134036753305579622
1272439568662134837
1312279115302174794
1289522222226083927
1058772769749348352
1407714260477542533
1317665521646309496
903114511538614332
1381231422769201183
1362438166555922605
1375839260581564497
1384348865498714118
1354808522780446821
1015619155946381313
1038716886986272929
1222834160440447047
1313889509645090909
528895800357421056
1370896968527909014
961625500479012875
1386386485707538552
1244649315624816734
1183037133288648735
1376534489194561576
370324459308974081
1419589337586077818
1273522223176749059
1337027349635399733
1420038715476283442
1375531428607033364
809267108906532887
1301875316884639789
1010902071815442495
1391936772711125018
1405152831312498709
1386206924290129960
951097696087863326
1361957450999398441
1276587631249064009
1302102117770858517
1382539207720960031
1070692696013951047
1318571533307871272
1110142658929754122
1060182962752200784
557557010237751296
1296435816377090173
1160584249112543354
1055464964921507841
1330109679950364673
1335855061691011132
857461479872004096
1188301397368778783
1311904643265073233
682961166238089264
1406092297946271765
1107243059156090900
1198504930445623306
1079337427304452146
984403782639169606
700157266980110357
1391726383562096690
811609637937348610
1185377837792907294
1340363623331008554
1374647258246549555
1056257333749108886
1378698367965593600
1366625261558431794
1092682548200607824
865217226323918899
1407022615247454380
1162907341235163247
586891266545942544
1368572036976349328
1374045864921792672
1341337084585185383
1333833610423308308
700375139732291685
1292326564259958797
867294186020536341
1279018877455568937
1274319106446852107
1292371180522835988
1238542960719826955
1397600449615626385
1481920440996724827
1032696951386411009
1357236001021493298
1063077399639638077
1350208817740386447
1266577528504451142
1183345203508162613
1381547021235781632
567170585549996045
1358309969262411909
1386991064765825034
1023902213967462420
487765067496947712
1350644512266911835
985017598573953076
1034196232136044644
940559182782939146
1383739715852959750
1085831834644000828
1041150893824954458
1249324315740999711
1400703788142170154
1316036256534233190
1194637143453225070
1319186206386556970
982121069697699850
1387649598994124980
1270585468521549896
1006871368417161298
1344567556945739900
1373565867119345776
910727057326108672
714479512837947423
1136574699816636479
1326497924414308424
544122642337103873
1281586230307323924
1094291984807624774
1192956414210093106
1177706291137884181
862723427470016523
1362983568095186984
823050436227104819
508257647640838145
1262968973658423400
661920766748655666
1116967454313304144
1313839903989305444
1301082622973313063
780605154436317235
1151166154002403328
1291981673973682186
783366698828562502
1301530147912155216
948517597572366376
983642965081739294
1440611047345098933
1396724786192977920
873745626662305862
1335096166064455811
1082867660703944765
1320661240808476763
1366011037941239849
937985324288725012
907820757730607145
1384886389396607069
1410478408651243551
1370732953273110598
1366610349369065482
1380366243001012236
1187061921225121792
943875742507343882
1381588804842029118
1218541274584453151
1333677046752219173
1390552548875833354
1315677338054168589
1054334523317432371
1309880422502764676
1112526911881613352
1378052878069141616
1255812558867140699
1158411117849231381
937166931511902288
906460273504837693
1345595204421292074
707798131579813928
1330525511838863361
1250126088969916517
1306147418131271733
1227502379767828543
1191266868548354048
1363784611703951520
641553437657661450
915086915613630484
1410246514357436478
1168143724526706791
962603258440986644
778454705310924810
914331596776169472
811867505051435058
1396352860844986460
1166947856628862989
1247828230459756614
1385581188797960223
1381609592169168917
1429010892976029764
1403271173201989707
790898101674049587
1036215528634724386
717001522629705739
1344987219185766451
778212584544403487
1357711180264767489
1350629755879161937
1377621060115107890
1294277026663895143
752870925665566760
1064408903602946170
1022128113464914010
1345722733102633051
702151592043872368
1310096561530867734
751815529404301503
1288846643348901899
1214272836827619379
925319088174137345
1417735485433843795
897838546067550218
879250484664344606
1195980467258785884
1430067154094657536
1406965629000613939
1188822624583815288
1292300814680985604
1086846174943789056
1323124011558768681
1251465913732169766
1336937246875451434
1372194830964494422
1128617498263158804
1316746432186683395
1380562888250363994
1347569076867829780
1403024768684265643
1189536039111503913
1327121751125000256
1154758773878034432
1347105473282969630
1398615802936295454
980375816552722452
871614619473575956
1035125457324097576
1169240214187823124
772824971994333194
1185443936819478602
1383529365597585602
1267029478605848637
1359503123852427538
642743405520093197
457203947422089218
554117824587497472
1348283443620085873
1382287963446182008
1220928604658077726
899634224783577118
1214910367382118412
1135103165277143040
558673320380465165
1377746725506257187
1375819248521445437
844467965218127882
477117015107305473
1101371185142444134
1351481586402721825
1186668831297523882
781753190634749952
917980517813608499
1309694109077737543
1069232845861703690
1371511431954169886
1024314326670127166
1272837484639944724
1172666459449720842
1326215407601717369
1099512649965899806
1173018979854467134
1247371689311076458
930831432463581284
1264956750197686333
568071063054057492
1382978759828967474
1322427859389775943
1170549717009178667
1311071381227704384
1356868323752546417
941655697962201088
1063071587579994202
431625606078267413
1406177892022358017
1238693528050077699
1187686943438405664
1333130675225628838
1322829982917201940
1381904316591374419
1289055069844803585
882581525315596298
1382137135745990667
1377570457603280956
1373129251842428958
871782682768588800
757051382233563196
1341433502167728242
802031661591822357
1337358974655397981
1362771039142285534
1368936659357401192
1215559891339706379
1204451532679151671
1471164653412421702
1378239703102263346
955074197124677682
1389521450544922624
1405097196440784947
1401086367030706267
1186304517881462804
1096814216020775004
1205027682903920643
1283685678533578804
1318550120773455945
1232903557510991954
1105502036876853369
768058957352665104
1237772240385212479
1339833229309382757
1287764544671715404
1254071154642128956
784424487046610976
1216755870487285800
609955799242113043
621481603318677524
1391006918427807744
1313340344737337374
1265157099139366913
1073930055299895316
1338884138710597714
1285833012805763138
1352634493823090701
1123654688013815818
1192302560380461206
899581256164048906
1052198665177014342
692756363910316043
1333645976577118268
1231259664725966910
1327142441232502836
1073863275302879343
1223121421715116042
1350114969806442608
614335485078142977
1028287434171097128
1435963920363028612
1365837199089860659
1387317996707647610
1371345751149510729
1173155960307593238
924237687626539019
1336928582936559640
1377206263317790880
1358714311928975473
1287335565276090409
1318434118547144764
1322899695865171990
1253647304930627632
1375803626701717544
1070920919679242274
1304706182736248876
1309891170041593920
1271480398454460456
1129849015001956352
1190885726552850494
529187923019694081
1334822787491168410
1349736080882139199
1315155988025839707
1401919136157925389
1372468808467480606
1364568843321606156
913358608727683103
1370244926851387443
1009350077032173638
1376904079258947646
1386875445055721492
1174681884781981820
605053489374167060
743722082793160806
1253270702044483626
1107638825037074432
1156434469549518848
1317683519253643485
1302727052851548204
902762915633979432
1328345336900485262
1281139544955158630
1391027150617972886
792557596686286871
1214947352960569384
1315995854619938907
1279072833925812246
1333427157694939180
795173159170605106
1345310960973516851
799851058406490122
677416436880375817
1389422518192046140
1205467371553292288
1214632183327621263
955259183698153502
1170642690858291264
912282187678761000
1337431487913529394
1115099268487852083
980037062101172294
1472892266094792805
1399734491379138622
1288113156408868905
878255704736149505
1289500259810152491
1299547654656753715
902056322579701791
1388419077671751682
1040086468103786587
1158018241835307078
1284709687257858058
1303655618288025661
1320412190020206643
1386984583114784828
1356183602152603711
1032118034669776956
1133390735178223647
1404407213531074644
433252694040379393
666287627820859422
692716434240962640
1188844331805712435
1469362725712036003
1336687245129945098
1450860573624635552
1238723007254499378
1317683411774607420
1173208311743664229
1033385708355866664
1357385108113326332
1388886467715137536
1270549413009428573
1382717907812745216
910732169532563466
1382963278262829067
1197165061538586746
1019270425202659348
1139511037062828092
1069973528973148251
1359357533143306385
1350002686556241961
1365108414249701448
1324939922032955413
1397557436268675237
1202227747670200370
1037272410707206144
1345927694877065249
1269687014354059396
1199904693317546044
1330954521672814729
1290385091159265424
978277124727275610
1245675371022516238
1002586002335998073
1359511291789574184
1381531915479285771
1284533504805310466
1160491146552819852
1343008592151707670
968364415797846076
1281602617172295773
1323971810277986399
1381864181195608078
1462361985541869717
1371935017818783905
1234542393815077015
1368592372304318666
1014446556872720484
856752511473287169
1356240828527284254
972742867812495381
986233537898352641
1302617235654709259
310984151140401152
1151518828124188713
1384547233156042782
1343447116890247180
1010129172154286120
1379392539907457054
1373650744867291307
1396110107309510769
1317552636433535077
944152024692432927
1381550800928768020
1040646886647935007
718766022466994260
1468843332523397254
1328915957502185532
885179563326439514
1377165813756330034
814517464036671518
920659216535019550
1371481456794140795
1292336858004459611
1147793029718097961
929572474859978763
1373975927545008188
1286144455669186648
1059846492032077865
1392991222565699846
1375747775492259953
1223858179452960869
1118809964648087644
1382954879018078248
1294865179347259527
1216416067203629159
1375661106370052109
1376810068447723621
1350439118907117598
1251028979721306128
913379860431380482
1398585152208375859
1086670143624589384
581373692513222656
1418467054826160149
1382526719696703581
1001312046031310891
1011291277964357652
1342057800632766516
1403363858805952552
1457876304706670593
1407802610798428271
1325326473132773467
1452472654497054825
1306623088602910792
1274243009151635506
1111488837785485362
903842953770958908
1422216750883274766
856534007578624040
1247426886590533662
1373502396163948649
1092794213504131162
1061904744873988146
1341344610181582848
1366686411641720913
1131902659872436234
1179420653691088919
1324739951065305161
1002413272970039316
1363849628109246545
1336163384638574625
861565387447599104
1382925191839092837
1329046614555492364
889459978526666782
714449299739639829
805265189577555980
1122574701777137674
1402698273709494343
928617607324643379
1431167000125902858
1323111903714869288
1364104547227930667
1261688786430197871
1367342136365678633
1326157086001987594
1023207946194276353
1325785704722206731
1189808941731942536
809640397734936627
1406819719985500182
898210321108447253
1492866521100193852
1197024798690246717
1383982528968527955
1363805993103790110
1377669265922195536
984428563799355402
1326055009099710508
1197528178772680740
606722306072379392
1411512811464556626
1367144206438498435
770147984817913886
779683365673762816
1059053313309552663
1352640694690250772
515790867051577344
771013696704217109
1367687075230519408
1212269520673316877
1273299247965536352
1302889291000713268
721262544509075496
1308021099048468550
1014857923454844999
1276048637528510516
1332710625809272834
1325387418710442029
1113582176089428038
1391589157108846693
719514158734901258
1168941735813054596
1345064769417121823
839519781966053397
1382955817942388756
1381960191569952769
1090906750548447353
1331991530805657613
1339103167526342686
1379715461704581170
1392823315604836434
1224353192842760293
1379070794876850248
1382355518344925204
1441594906865958984
998230917317394522
1031049823970918491
1393828551656210502
1064835539544571965
1007191809002307584
1328374980198797366
1199972423743840299
862699646307401779
1232338950576934912
1297133862098305095
884612460043198495
1334181452761272330
1123087925744238672
1335877739479302216
1414424490451927161
1011130221598089258
1413116607911166062
1403274164982513667
1282305694938431544
934439486304174100
1326152801843286077
1261531371717922948
1370648522524983326
1201893858049523745
1348994814753898648
1190965888837492766
864489600982712360
1454487055747776562
1214552963599835177
1360964815027306566
929682756303208448
1074892057904160849
1286612194804633645
1089552624673632296
1406278739444240476
1376400504090792050
1132643968778260560
809310574340079626
526996836616110080
836188790078177291
928200711202816040
1333124769222230157
1029964349592326156
1334020886944284723
1256263453304164413
1363524067453440103
1381193246985687080
1169977203203776564
1098191998432850021
793831581672276019
1329364177000595498
926727127179608176
1235844831654449152
1399253408543936684
1332960868832510087
1387359494094454854
1324932797495771156
931571509556826172
1339805613726765086
1165312486757630034
1320715319366385685
1317443677865377794
1302628026248466464
1355800980674838551
1271091167043391568
894035250827640863
1269309378326958133
1255072667111915613
1123207878925369384
